0.129633 
6.96119 
3.20099 
-2.40309 
-0.553572 
-4.64371 
-3.87612 
0.610642 
1.15111 
-6.07235 
-0.587336 
-9.42222 
7.30425 
-7.33891 
0.804255 
-0.37098 
-2.93297 
2.3653 
-2.04436 
1.67556 
-0.0932467 
0.791628 
1.83276 
0.0524383 
-1.71471 
8.3919 
-0.883477 
-6.72406 
-0.958805 
5.81842 
-6.38675 
8.53724 
-2.7966 
-4.97233 
-9.464 
0.863453 
2.98136 
0.85797 
-1.07172 
-7.00149 
-2.70711 
1.70727 
-9.69719 
-8.95934 
3.87704 
-8.31949 
-3.91529 
5.88051 
-8.43342 
2.9642 
-4.10232 
-5.33103 
-4.03016 
0.794435 
-7.57257 
-2.81673 
1.08515 
-8.06354 
0.070982 
1.70399 
-7.52983 
1.39337 
-9.31779 
-8.68326 
-0.822124 
0.746411 
4.51711 
1.10877 
0.35405 
-2.5218 
-9.41931 
-6.59117 
-9.68485 
-9.71956 
3.39593 
1.70512 
-0.34244 
-3.25301 
-7.94305 
-5.98188 
-2.77453 
3.52878 
-4.2664 
-2.3762 
-1.30002 
-6.69825 
-5.76449 
-1.15909 
-0.384972 
-4.09977 
6.72379 
9.88818 
-5.69753 
5.06799 
0.762097 
1.995 
2.2014 
-1.13319 
1.27704 
-1.83811 
-3.8297 
3.06472 
0.255876 
-3.25585 
5.87262 
-4.8346 
-1.92132 
-8.86758 
-1.82731 
0.363229 
5.09934 
-0.585435 
-1.12912 
-6.395 
-1.00003 
-2.46348 
-0.346637 
0.742664 
0.744494 
-3.61223 
-4.01771 
-5.46881 
-2.32639 
-3.857 
9.79891 
-2.31149 
8.30548 
1.67292 
0.063023 
1.61227 
0.110474 
-1.3244 
-6.36225 
-8.9519 
-8.22666 
-0.650413 
0.881305 
6.61473 
-6.62447 
1.00497 
2.3647 
0.810368 
6.89316 
-2.44975 
-0.890194 
-2.1451 
-7.06185 
2.99836 
0.829662 
5.57505 
-9.18844 
-1.16761 
8.96703 
-1.82379 
-6.90299 
1.68807 
-1.65479 
5.74104 
-9.66458 
-7.54231 
7.73036 
9.38768 
-3.46683 
0.490227 
-2.31739 
-4.02465 
-0.669058 
5.35912 
0.528059 
-0.244049 
1.72767 
4.5988 
9.70107 
-6.01156 
-1.10817 
3.89009 
-1.60495 
0.641116 
-3.80503 
1.99763 
-0.748846 
4.13832 
8.03768 
7.36206 
-4.33597 
5.14247 
2.58273 
-1.59107 
-7.5412 
3.7604 
-0.163174 
6.19046 
7.7267 
-1.79652 
-5.26922 
-0.239582 
8.45881 
-6.56635 
-3.86772 
3.75347 
5.73681 
-0.213922 
0.154692 
4.97736 
-0.775513 
3.18495 
-0.196291 
0.469484 
0.528651 
-3.56451 
7.78516 
8.7505 
7.02854 
-5.07676 
-9.70931 
-1.72332 
2.19186 
-3.98397 
1.31848 
-6.94898 
4.17094 
-8.18738 
-1.66582 
-6.68659 
2.0751 
-9.71028 
-9.15481 
-7.94823 
-0.0494594 
-6.41387 
-4.06105 
2.2389 
-8.71867 
0.0526166 
0.0662251 
6.08539 
2.64737 
-6.37679 
-0.835054 
-3.3571 
4.54228 
2.58366 
-6.26335 
-9.36972 
0.788332 
-6.98769 
-9.03407 
1.02741 
-1.24006 
0.11451 
-8.61359 
-4.35247 
-5.78183 
0.530541 
-9.77512 
-7.71691 
-9.80222 
3.64292 
1.03343 
4.99115 
7.06803 
5.72059 
-8.01583 
1.39814 
1.19142 
5.26512 
0.137571 
-4.92133 
2.16519 
0.38455 
0.424361 
-1.55978 
-9.67293 
4.15297 
-2.392 
-3.7073 
-3.47136 
-1.62128 
-9.7679 
0.369417 
-0.358479 
-9.91247 
6.50863 
1.21742 
-1.12088 
-9.6818 
-1.40023 
-3.51073 
-1.27509 
-0.0173081 
-0.297376 
-2.65899 
0.756841 
-3.66572 
-6.43711 
3.12489 
9.77907 
-1.41625 
4.75399 
-0.103554 
3.58995 
-4.6142 
3.29524 
-3.46729 
7.09065 
-3.03517 
7.38661 
1.91842 
1.55778 
-1.58916 
-1.10555 
-0.887926 
2.97906 
-4.36473 
-0.758101 
-3.62939 
-0.616069 
3.29553 
9.03258 
-3.46445 
3.72789 
-6.06727 
1.90787 
-0.249713 
-0.412887 
5.22324 
0.525492 
1.12808 
0.118957 
-0.752744 
4.3355 
6.18687 
-1.59181 
-6.12296 
0.74657 
-4.63024 
0.843864 
-7.84284 
5.50923 
-0.121846 
-8.97594 
-7.28405 
-0.709994 
-9.22744 
0.869604 
-9.38738 
4.70587 
1.07534 
-5.68206 
-5.25345 
-4.35171 
1.80596 
-0.0636913 
-1.39224 
-1.06304 
0.878061 
3.96047 
1.83686 
7.77228 
-1.04741 
-0.552261 
-4.7584 
-9.77002 
-4.54707 
8.97699 
-0.377068 
0.423266 
-9.56262 
-6.71982 
-8.63837 
2.09873 
0.186221 
-5.89868 
1.25823 
-0.230381 
-2.47148 
-8.268 
-0.693238 
2.13894 
2.24794 
-1.70848 
-8.24759 
-4.95428 
-0.36978 
-5.24825 
-0.0167759 
-9.22887 
-2.50127 
-1.38668 
4.94231 
-7.54898 
2.80978 
-5.19592 
-7.63375 
-2.62041 
8.65466 
-3.2898 
-0.607699 
0.728866 
-0.711336 
0.443042 
-1.40594 
-1.17013 
2.36387 
2.80555 
-9.06695 
1.52799 
1.87505 
5.58081 
-3.48017 
-1.55383 
-1.62231 
-1.6178 
4.91486 
2.50187 
-0.439555 
-1.33902 
2.25654 
-9.81976 
1.71323 
6.57169 
-2.15925 
-2.55236 
2.34178 
-0.674085 
4.41159 
0.710842 
1.29348 
3.06479 
5.77997 
-7.31493 
-7.7606 
1.16592 
0.716505 
5.16929 
-9.22244 
-0.411633 
-6.02243 
0.251085 
2.8183 
7.21659 
-5.59748 
-6.70865 
-1.38818 
-9.81327 
-0.909508 
0.016458 
1.10322 
0.91088 
-8.381 
-0.468571 
1.08369 
1.33634 
4.17251 
-3.97586 
-6.55527 
-0.292851 
7.48635 
1.01817 
1.42461 
1.99888 
-5.12695 
0.377581 
-4.83727 
-7.91831 
-9.98058 
-2.35472 
0.699987 
9.62183 
3.89048 
6.92119 
2.43539 
-4.64995 
-0.0696946 
0.478467 
2.8191 
-6.87172 
0.0556135 
0.153954 
8.83567 
2.20222 
2.95083 
-0.112442 
-6.78856 
0.200382 
-0.92801 
-1.37387 
-2.12342 
-1.0125 
2.62911 
6.87158 
9.0225 
-4.74802 
6.4276 
-0.850419 
1.08334 
-6.40002 
7.22141 
0.5773 
-4.66524 
-9.13442 
1.95275 
0.594788 
-3.7426 
-2.72836 
-9.69649 
-5.06533 
7.18722 
-0.832354 
5.60578 
-0.771547 
-1.05779 
1.61382 
-7.37003 
6.06689 
3.33166 
0.230426 
2.14897 
3.83108 
1.70046 
-9.21733 
7.63895 
-2.26417 
1.84652 
-8.36337 
-4.18623 
-2.10834 
0.206715 
-3.16915 
-3.89337 
-9.68994 
-6.1337 
-2.42786 
-8.50587 
8.67771 
3.08385 
-4.78143 
1.46839 
-7.94056 
4.01505 
-5.7292 
1.89926 
8.56575 
-2.73923 
-1.03395 
-4.37848 
-7.8983 
4.7477 
-0.811516 
-9.47291 
-0.573553 
-7.03311 
1.45711 
0.528786 
-0.955714 
-1.90703 
8.6432 
-2.59546 
-2.63259 
-7.21314 
-1.12736 
4.1217 
5.87178 
-7.29012 
3.40721 
5.2187 
-4.33653 
0.0796033 
-1.43411 
-7.80659 
3.51928 
-7.58579 
-5.75393 
-0.90319 
-1.13975 
-5.80027 
1.81399 
1.51657 
-1.21781 
2.36448 
8.57217 
-8.8788 
1.36756 
1.26756 
-1.07989 
2.07036 
-4.55847 
-1.28559 
-4.70673 
1.8228 
0.40561 
-0.824223 
4.48517 
5.534 
4.41641 
0.0710343 
-4.16564 
-3.29474 
3.05879 
-1.69824 
5.29964 
0.205767 
1.67671 
0.183907 
6.5994 
9.98057 
-9.32806 
-7.32413 
6.49677 
1.74239 
-5.82231 
0.138948 
4.94669 
-1.23538 
-1.77356 
1.58013 
0.389745 
-4.63978 
5.1572 
1.33413 
4.02305 
-8.39337 
-9.68498 
-8.02139 
-2.87428 
-7.61968 
-2.27226 
2.6481 
-4.55175 
-0.909146 
-2.06004 
-5.53965 
-9.39126 
5.44076 
-7.86391 
-6.09051 
1.00722 
-0.0915928 
-3.59923 
-0.11308 
-8.77434 
-8.48076 
-8.44542 
0.977729 
1.54945 
-2.55116 
-8.95395 
-4.47066 
-1.41285 
4.86487 
-5.28536 
-5.20271 
0.307817 
3.29827 
-2.18568 
3.6343 
-1.12558 
0.811425 
4.19573 
-6.84742 
-1.22285 
-9.30186 
4.40794 
-9.18555 
-1.64248 
-0.663298 
1.1431 
-1.27078 
-6.38014 
1.13184 
0.424148 
1.28262 
-0.355589 
2.40647 
-8.25619 
-1.7782 
-4.95137 
-2.85855 
1.67711 
-8.81655 
-6.09436 
5.2301 
4.12125 
-1.73203 
-2.13002 
3.33648 
-2.2675 
4.05477 
-8.39288 
-0.537891 
2.68448 
3.68011 
0.373647 
-1.37744 
2.22235 
-5.92847 
-4.4972 
0.176389 
7.88159 
1.33878 
-5.21188 
-2.81412 
3.2914 
4.35293 
-1.35149 
-9.11273 
1.85264 
-0.992779 
-9.74009 
-2.54454 
-2.11687 
-7.97012 
1.47242 
1.44958 
0.668957 
-1.42238 
-1.21547 
-0.97971 
-0.0147218 
6.90419 
-5.0102 
-2.68007 
3.24952 
-7.62261 
1.55188 
-2.28854 
1.09748 
4.7825 
4.35717 
-0.604955 
-6.6779 
-0.759812 
-3.32984 
-0.082254 
-6.30326 
3.33895 
2.54333 
0.0468961 
2.48104 
-2.77771 
4.72989 
0.936165 
-6.90534 
1.62358 
2.65763 
4.37488 
6.02864 
-0.148464 
-0.957089 
-2.85226 
-1.31288 
2.65244 
1.48653 
-0.614146 
0.874331 
-4.25059 
1.45688 
2.93248 
-5.34286 
-8.35834 
-9.01894 
4.3279 
-0.520119 
-7.53171 
-0.653243 
0.561978 
7.32994 
-1.08444 
1.13104 
-3.29211 
-0.491192 
6.0998 
0.72084 
-2.07181 
-0.827627 
5.37963 
-6.42306 
-0.258975 
-0.0181556 
4.7501 
2.61494 
1.78452 
-6.24487 
5.19577 
-6.12183 
-6.11009 
-9.22398 
2.45343 
3.871 
-0.904094 
-0.203681 
6.0849 
1.4489 
-2.72981 
7.47863 
-0.694157 
-1.35704 
4.31954 
-2.07732 
-6.11323 
1.04271 
-8.82821 
1.23214 
2.17958 
2.14493 
0.763144 
-3.66114 
1.17784 
-9.63804 
-2.76482 
-8.90411 
-0.421546 
1.71321 
-7.28802 
-0.542877 
-1.04492 
5.29853 
-4.34733 
1.66559 
0.848448 
-2.24531 
-1.67792 
2.47957 
-0.00982354 
-5.07973 
-9.59872 
3.00328 
-1.80777 
3.45879 
4.92644 
0.559561 
-1.85816 
-1.07558 
-2.67675 
-9.64119 
-2.41905 
3.34783 
-9.61497 
7.0725 
-4.79015 
3.69976 
-9.35738 
-0.144168 
-1.77982 
1.24121 
0.612772 
-4.42252 
1.14572 
-9.01117 
2.84879 
1.89938 
6.84244 
-0.429246 
-7.9609 
9.74813 
6.43816 
4.37221 
4.13063 
0.620934 
-1.43748 
1.95459 
5.1823 
9.64402 
2.12116 
-1.01053 
1.84147 
2.48927 
-5.56011 
3.79487 
-0.230677 
-1.70018 
-1.3161 
-0.0231933 
8.84033 
0.169207 
-4.77618 
5.71021 
3.97663 
-7.43522 
-0.933286 
-1.56955 
1.09937 
0.690819 
-8.12322 
-6.79675 
7.59898 
2.24987 
1.80983 
-0.731539 
-3.40747 
4.48759 
-0.897736 
1.98109 
2.60148 
-8.25367 
2.06769 
-6.00504 
-3.16608 
-9.17322 
3.28088 
-6.20078 
-3.09249 
-1.75813 
1.14462 
9.00227 
-8.18935 
-4.87628 
1.34127 
-6.9979 
1.51208 
-1.65881 
4.5119 
-0.119592 
-8.24253 
0.661731 
-3.96544 
-7.81137 
-0.279971 
-4.34656 
-0.802859 
1.28972 
-0.528817 
3.8829 
6.47859 
-5.61583 
-0.222038 
-1.37928 
1.981 
1.56846 
-5.81614 
-5.46217 
1.39494 
-4.21835 
-2.51092 
0.141444 
5.43441 
3.91193 
-9.63255 
-7.92958 
-8.47603 
1.53379 
-2.44425 
2.06926 
-0.739621 
-0.424629 
-9.93041 
-4.72257 
3.5474 
1.77086 
-5.15465 
0.111041 
-1.02533 
6.53349 
2.37371 
-5.22607 
0.662952 
-0.941983 
-0.898648 
2.23997 
1.96063 
9.32622 
-7.89622 
-2.48913 
-4.47639 
0.989968 
-0.103865 
1.20423 
8.2451 
-5.07226 
-8.27915 
2.12918 
0.924275 
-3.41371 
-9.79329 
1.49022 
-2.13291 
2.10966 
-5.86137 
-0.9534 
-3.49317 
-8.53447 
-3.51075 
-0.914344 
6.32121 
2.84594 
1.30268 
-5.27965 
-9.05581 
-8.31986 
-0.402572 
2.87311 
-8.92218 
9.6255 
-0.716278 
-7.70941 
-3.53136 
-0.791704 
0.277786 
2.35532 
-1.10708 
