1.47736 
0.725116 
7.44514 
-3.32542 
0.304374 
-1.53255 
2.30512 
0.779679 
-0.923303 
-9.82911 
-0.758168 
5.52113 
-1.76272 
0.0896669 
-2.19307 
2.45941 
3.00857 
-4.28056 
4.65353 
5.76457 
8.27025 
-1.78185 
0.975181 
0.667964 
2.60619 
-9.144 
5.23974 
-1.37354 
4.18074 
-5.26856 
1.28571 
6.26929 
7.33564 
0.55631 
-5.2284 
0.335023 
-2.41958 
1.79996 
1.3305 
-2.9046 
-4.76249 
-5.61861 
5.61148 
1.45942 
0.770285 
-2.39244 
-0.412194 
-0.233331 
-5.13899 
4.57257 
-3.04632 
-0.458252 
2.71697 
4.58637 
-2.04346 
0.487969 
1.34713 
-9.73138 
-8.13014 
-4.64994 
2.41592 
0.479959 
-5.5542 
-3.47339 
-8.03996 
-3.72939 
-9.27639 
9.38808 
-2.96212 
-3.44182 
-0.0564697 
5.71112 
4.47178 
3.89439 
1.87131 
6.64564 
-0.11558 
-8.24512 
4.91829 
-7.25752 
-7.78169 
-4.94878 
5.72521 
-5.31626 
6.94172 
-5.35018 
-0.832193 
-5.51361 
-1.45781 
-8.50494 
9.97791 
0.251865 
8.78331 
3.88367 
-2.13109 
-1.2698 
-0.342362 
1.05604 
0.415191 
8.39536 
8.87481 
-3.16149 
-3.89747 
0.697387 
-9.25164 
-7.81608 
-1.17841 
-0.517791 
7.17774 
1.68231 
-8.37952 
2.84616 
-0.129706 
-7.96212 
-3.74412 
8.50891 
1.08898 
2.04404 
-1.64335 
4.40868 
-1.80765 
3.68019 
-4.77519 
-5.78752 
8.44616 
-0.351555 
-7.06424 
-1.56146 
5.43937 
-1.1763 
-2.81116 
9.21527 
7.97831 
-6.23592 
6.63661 
9.20973 
-5.50792 
1.11106 
-4.6711 
-0.527858 
-7.89651 
-8.42897 
2.29716 
2.21686 
-7.01054 
-6.41096 
-3.55334 
7.05933 
0.854019 
-7.52426 
-9.89002 
-3.50274 
-1.98165 
-3.67735 
-8.17943 
4.55654 
-7.74082 
6.01147 
-2.64328 
-5.38257 
5.47406 
-6.20283 
-7.43144 
8.0029 
9.37169 
1.34595 
-3.78719 
-0.70789 
1.17895 
2.90278 
1.43725 
6.63419 
-1.03155 
-4.27082 
-3.82832 
-8.95488 
5.54093 
-6.89316 
9.00445 
5.61718 
-1.31166 
-9.09189 
3.77698 
1.80726 
-2.66763 
2.23805 
-4.04794 
-9.59922 
-3.73927 
-0.312402 
-4.04117 
0.14751 
4.23877 
-3.76486 
-7.76142 
1.62568 
7.57324 
-0.00390937 
9.23198 
-5.56284 
4.44612 
-6.21396 
2.38972 
8.86243 
-2.72855 
-0.553147 
-6.40231 
-2.41867 
9.11168 
8.65958 
9.16104 
-0.143096 
-0.648697 
1.66356 
5.35777 
-7.98844 
-3.56605 
-0.420063 
6.20122 
8.91764 
-9.43818 
7.31865 
-7.10016 
0.410988 
-1.80791 
7.27657 
3.69404 
-3.09784 
-5.40155 
-1.91089 
3.45488 
-1.0803 
-3.23071 
6.1386 
-7.09089 
3.8079 
-7.2439 
-4.60804 
8.83887 
-0.88264 
3.01914 
0.530468 
-0.448608 
-1.68554 
2.94007 
9.2003 
-6.99216 
-4.09358 
-5.40059 
8.4321 
-7.54247 
9.77397 
3.02744 
-0.786429 
-3.38316 
7.27577 
6.5357 
-0.396491 
-5.80461 
-2.27063 
0.0373126 
-7.76667 
6.39766 
-4.31019 
-3.44071 
0.374389 
-2.41533 
-1.05362 
0.559257 
-3.72417 
-6.40548 
5.57581 
-1.96573 
7.48246 
1.5383 
2.43594 
-7.88463 
9.38993 
-7.89882 
-0.347513 
6.2973 
-1.53024 
-0.386142 
-0.700742 
0.347502 
-0.613968 
-8.6679 
-8.25404 
-3.30507 
0.172278 
6.65386 
7.41786 
-9.49859 
-0.806697 
-4.92112 
-1.70799 
5.79758 
-5.6408 
5.48146 
5.47756 
-5.97526 
-8.91828 
-7.98541 
-6.306 
-2.40981 
3.28244 
4.70961 
-3.09887 
3.44141 
4.04784 
-7.17107 
2.37465 
9.02534 
0.556662 
-1.89331 
1.15007 
-0.36917 
-6.44569 
7.0496 
-8.09695 
-2.17513 
-2.53607 
-6.48052 
-0.982874 
-1.0858 
-3.49105 
1.16972 
-7.22775 
-0.383712 
-2.6604 
-0.582435 
-3.05533 
-2.60106 
8.37918 
4.33559 
7.54146 
-1.84051 
-1.33007 
-5.56248 
0.106564 
4.59534 
-5.74643 
-0.116376 
-4.29038 
-1.39631 
-0.229609 
-4.54848 
-1.74766 
1.72238 
-2.33728 
-9.42061 
4.10585 
9.85936 
-1.07738 
-1.17902 
-0.484996 
-5.78172 
-6.56506 
-2.32701 
-6.26887 
1.84068 
-0.130879 
8.84734 
1.53856 
3.21309 
-8.25351 
4.45372 
6.89864 
7.66316 
-7.27014 
-0.586352 
0.219506 
-0.11498 
5.96796 
1.8904 
-4.08358 
-4.75097 
7.56642 
-0.102635 
-3.26159 
4.37808 
6.87995 
0.371701 
1.12777 
-7.61342 
-0.525469 
-0.390767 
-9.60814 
5.26409 
3.22272 
-5.50708 
-1.13832 
-5.00544 
9.85736 
-8.41053 
-7.24016 
4.14293 
-0.959776 
0.460389 
4.5513 
2.3475 
-8.77099 
-0.815677 
-3.95933 
-3.74113 
4.94707 
-6.17739 
-1.36725 
-2.17464 
0.965417 
9.63684 
-0.901337 
2.05054 
5.83357 
4.18857 
-3.50008 
0.941806 
-6.68137 
9.34352 
7.25272 
4.2145 
0.325528 
-0.101134 
2.78264 
4.01425 
-9.8963 
-1.83048 
1.86729 
1.06397 
-8.52455 
6.89574 
-8.41493 
-2.2899 
-5.33839 
4.77017 
-3.97652 
2.35871 
1.37406 
7.06504 
-9.74259 
0.0560188 
-4.61581 
-3.87281 
2.91032 
-8.2307 
-0.0257779 
6.56037 
4.74916 
7.36573 
-8.91098 
-0.433045 
-4.02961 
-4.5609 
-0.901626 
0.983251 
9.95708 
9.54614 
-2.73149 
-0.60667 
-4.84367 
-9.66024 
-1.18887 
-1.15119 
2.40195 
-8.05116 
-3.36401 
-7.94774 
-8.92655 
-8.83236 
-4.70795 
9.09688 
8.69777 
-0.627312 
-2.54114 
-9.9328 
0.853028 
-2.49592 
-0.0672789 
7.89817 
-7.05065 
-9.81274 
2.81172 
-6.51065 
-0.00417866 
-6.79916 
1.84933 
-0.566602 
0.342688 
5.50534 
5.79553 
-0.755167 
-7.40149 
-5.1475 
-0.4236 
-9.43134 
7.82893 
-6.64965 
8.16421 
-0.974343 
2.787 
-2.00705 
5.24802 
-4.01412 
-1.94076 
-6.76768 
2.22854 
-0.851963 
-7.80239 
-3.31403 
-2.14605 
-8.16418 
8.60107 
0.839355 
-2.70864 
-4.1131 
-5.50107 
0.344367 
1.02979 
-4.02042 
9.60572 
-2.87346 
-6.11676 
8.45965 
0.198806 
1.675 
4.90105 
2.65486 
-8.34976 
-0.551033 
-5.11362 
6.27999 
8.15325 
-5.21482 
-0.555027 
-2.93073 
0.916596 
2.91446 
5.92905 
-5.05638 
-2.85493 
-3.15055 
1.30949 
9.76965 
-0.996587 
2.72939 
-6.87181 
4.61113 
2.28278 
-7.07204 
0.157975 
-3.01815 
2.74635 
7.89879 
-0.727241 
2.90855 
3.57893 
-1.61041 
8.07651 
2.07556 
2.67034 
-4.85264 
-0.591277 
-1.66181 
2.73781 
-3.59897 
-6.37906 
-9.24308 
6.45392 
-4.1212 
2.63238 
-3.23428 
2.17116 
-9.22236 
1.00104 
1.08453 
-9.5972 
5.21557 
-7.19403 
0.603206 
-5.56648 
-8.73593 
3.74135 
-1.24545 
5.88569 
-8.00595 
-3.25083 
-4.7879 
-5.11825 
-9.09104 
-1.23607 
0.0211263 
2.32707 
5.58846 
2.14426 
-1.31996 
4.44728 
-4.50067 
5.78223 
1.27988 
-2.87854 
0.156306 
2.10912 
-4.34258 
0.494274 
-0.669333 
-8.66201 
3.99312 
-1.39099 
3.94499 
2.11594 
-0.140394 
3.21603 
1.37674 
-4.75513 
-0.546992 
5.2282 
-1.72924 
-1.86171 
-8.90859 
5.06344 
-3.64884 
1.24079 
7.17963 
0.51266 
2.27681 
-0.409067 
-6.31311 
-1.43759 
8.24781 
1.361 
-7.50564 
-0.158865 
-4.61137 
-8.31434 
1.54577 
4.20753 
-4.68808 
-4.80715 
-2.17819 
-3.65208 
-6.02258 
-0.909675 
-1.04859 
-8.9954 
1.24645 
3.94023 
-8.84291 
2.70434 
-1.5793 
2.22366 
-6.0243 
7.07927 
-2.79812 
-4.28322 
4.74772 
-6.64652 
-1.84731 
-0.137836 
-7.97378 
-1.84252 
-8.42614 
2.43791 
7.06157 
7.60634 
-5.55729 
-9.31655 
-0.553114 
-7.45109 
-5.57227 
2.84585 
-5.38245 
-9.30027 
-3.54575 
1.90152 
-6.0997 
4.82432 
2.23892 
9.93546 
7.99879 
-0.649729 
4.01651 
1.40113 
1.7422 
-1.73246 
-2.86309 
7.98875 
-9.64103 
-7.63438 
-1.53309 
7.51976 
-1.84242 
-6.31014 
-6.28156 
-2.39459 
-0.692836 
-7.55541 
-0.803347 
-2.94662 
-6.90447 
-4.13788 
4.46702 
0.870457 
3.81076 
4.48649 
-8.95664 
-7.46816 
-4.29542 
-1.09399 
4.07538 
8.49365 
0.879462 
-7.46336 
-4.72583 
-9.53797 
0.504353 
4.58148 
9.0884 
2.72456 
-9.66963 
4.37552 
-9.66846 
-9.1189 
0.628632 
-0.491556 
-6.90763 
-8.22004 
-8.57806 
9.51654 
-1.02055 
9.09475 
-6.30627 
-9.57316 
-1.55909 
2.36824 
-4.54559 
1.02463 
-6.73825 
1.4187 
-3.1916 
-3.25198 
2.88986 
0.583127 
0.174321 
2.02549 
-8.81549 
3.01509 
0.411359 
-5.24113 
7.18715 
4.83009 
7.27797 
4.7465 
0.472155 
3.06667 
6.36297 
-7.22288 
-5.21267 
-1.63817 
-4.89707 
-0.0669102 
-9.65871 
-0.999692 
-0.465937 
-6.04239 
-4.1975 
-1.23548 
9.43046 
7.09238 
-5.12549 
-5.91776 
-0.568144 
-3.25049 
5.21276 
8.53527 
9.09736 
-3.23982 
4.96035 
-8.47605 
0.79243 
4.64659 
2.16985 
3.79601 
-6.75157 
-6.92263 
-3.24588 
3.06552 
6.29816 
-5.88677 
5.09003 
-4.94236 
-5.56192 
8.58286 
-9.41488 
2.27784 
-4.1569 
1.91287 
-5.5372 
-1.58254 
-0.986467 
-7.6416 
7.71066 
-0.52292 
-9.23746 
-6.81225 
6.13052 
2.5266 
0.14641 
-4.17653 
-4.43479 
-6.69564 
9.50518 
-3.33227 
9.22641 
-7.16019 
-6.26291 
1.40572 
7.74317 
-3.21536 
-7.74177 
3.04898 
-5.88742 
-0.792217 
6.57589 
1.60345 
0.910932 
-1.69312 
6.10305 
-0.954887 
0.419013 
-4.7338 
4.37572 
-0.535754 
-1.34841 
-4.85038 
-9.21991 
-2.62391 
8.6668 
-4.79204 
2.7527 
8.28781 
-6.67145 
2.92471 
-3.16839 
4.50086 
-6.77377 
5.05071 
5.69225 
-0.90749 
1.55553 
3.39994 
6.9995 
0.0576984 
0.872776 
-4.58753 
-7.54982 
3.37694 
9.55119 
7.29904 
-4.7417 
2.37465 
3.95939 
7.2997 
-1.39201 
-5.85491 
2.67574 
-8.06352 
7.19687 
7.95923 
0.153843 
-7.34317 
-8.85942 
-7.30206 
-6.07562 
-2.91971 
-0.568237 
-2.91414 
-9.89457 
7.00645 
0.841842 
0.819518 
6.47828 
3.08102 
7.57775 
1.48047 
-6.44758 
-2.81169 
0.379421 
3.01686 
-6.96291 
6.87763 
-7.07639 
-9.76784 
5.26184 
-3.20029 
-4.14254 
2.2837 
-2.04669 
-9.91606 
-9.01082 
-0.057936 
-9.85039 
8.67329 
8.03143 
0.449903 
-7.99262 
-7.74031 
-4.96689 
-0.785419 
-4.90617 
-7.78649 
-2.18437 
-1.22676 
-2.4852 
5.91666 
3.07274 
-0.749716 
-7.7455 
-5.29562 
9.66425 
2.93465 
-0.861104 
3.62411 
0.458072 
-4.87563 
1.24951 
-1.32643 
-7.25261 
-8.05488 
-8.9299 
0.55917 
9.81972 
-5.20849 
-8.74127 
-0.130801 
7.57989 
-2.1481 
9.95286 
8.32706 
-4.14015 
-5.46405 
1.83701 
-0.992317 
-0.403291 
-1.42388 
-0.49186 
-8.64902 
-7.11019 
2.52602 
-1.39453 
0.669862 
-5.11861 
-0.856054 
3.84632 
-4.01679 
-3.1565 
8.24981 
-9.64794 
2.00959 
-1.46107 
-2.29931 
1.05842 
-7.39669 
7.62405 
-7.55607 
-1.59285 
2.29922 
-8.51345 
0.0796647 
2.42595 
-2.9495 
1.96041 
9.86703 
-7.53742 
-6.64632 
-7.10703 
-8.8894 
6.1805 
-8.67829 
0.420408 
-0.570551 
7.11044 
-0.235527 
-4.14302 
-1.14338 
-6.48284 
1.39762 
1.5772 
-5.04202 
3.10954 
9.32332 
2.26903 
-8.3628 
0.49043 
-7.30067 
-9.11065 
-3.37755 
2.60184 
-6.73076 
7.62507 
3.72617 
