2.30068 
0.821748 
-1.93178 
-0.821671 
0.977276 
-2.10586 
0.385672 
-2.85967 
-0.417741 
4.37461 
5.64166 
-9.70234 
2.79135 
1.7337 
2.1116 
-3.53376 
0.479979 
3.39968 
2.68995 
6.00846 
4.32061 
0.303983 
-0.896869 
2.40754 
1.64043 
-7.15227 
-9.52926 
9.20429 
7.01005 
-1.43756 
-4.29357 
-3.68419 
3.35181 
3.24293 
-2.532 
6.01473 
1.49072 
0.618244 
-9.24548 
1.24135 
-8.42332 
-0.783603 
-1.54445 
-0.776118 
1.10772 
5.48368 
-5.61746 
-0.268503 
-4.75209 
3.43262 
7.36665 
-1.87849 
-7.14259 
2.74826 
-7.17149 
8.86995 
0.777573 
1.11114 
-0.251396 
-3.49288 
4.44493 
0.00902024 
-9.97138 
-9.28474 
5.24768 
4.32812 
0.689609 
0.344703 
-0.834898 
-3.28023 
-1.73478 
1.66824 
-3.65682 
1.58222 
0.343965 
-0.721798 
-0.631194 
-9.08508 
-7.35146 
-0.149694 
-3.30768 
-6.26554 
6.67111 
-1.30427 
-5.20828 
-5.46533 
2.37764 
9.34258 
2.4603 
-7.53034 
1.43636 
-0.964001 
-4.04102 
-1.20142 
1.18759 
-7.20319 
-0.504231 
-8.9135 
-9.79977 
0.638315 
-0.820205 
-2.29987 
-8.57215 
-1.79956 
-7.09794 
-0.438056 
0.0925692 
-4.33721 
-4.68092 
6.8031 
-4.23966 
-9.41017 
9.87558 
-8.32875 
-1.22884 
2.88676 
-9.29672 
-2.54706 
-2.01227 
-8.82031 
-0.428518 
0.431301 
-1.32076 
-4.36745 
-1.29009 
-8.37154 
-6.92395 
4.03048 
3.71812 
-6.80963 
0.501576 
-3.69869 
-2.03923 
7.1232 
-9.09056 
9.06011 
5.6455 
-2.91519 
4.80014 
-9.08378 
-1.09558 
0.418183 
-3.16419 
1.78665 
3.88536 
-3.06161 
2.7798 
-0.0920231 
3.51614 
-3.06937 
0.251856 
2.64959 
0.874983 
-4.22063 
2.6545 
3.02675 
-5.17494 
-3.48945 
-8.16524 
-0.577239 
7.81118 
4.34362 
0.542742 
-4.69236 
1.65916 
0.754996 
-0.230107 
-0.185388 
-0.0409055 
-1.44807 
2.21864 
2.20811 
2.9502 
1.6458 
4.19822 
-0.842377 
4.62969 
1.23917 
-2.98409 
-4.44939 
-6.66751 
0.632769 
2.93169 
6.94976 
-1.45042 
0.05673 
4.73815 
0.537663 
1.52683 
4.37073 
6.66712 
-3.4507 
-7.53891 
-9.28628 
6.23702 
-9.77076 
5.53326 
-5.72848 
6.70374 
3.44648 
0.636625 
9.13762 
-4.63932 
3.49019 
-1.50369 
0.363734 
-2.15406 
-5.21517 
0.0438026 
-2.16514 
5.05431 
-0.259609 
7.13403 
5.76167 
2.11418 
-3.72584 
1.25915 
1.58147 
-4.28807 
-9.95948 
-3.55379 
-2.64885 
-0.799722 
-0.366084 
-1.65856 
1.31108 
-3.10669 
5.8326 
-2.07582 
-5.98396 
-9.07701 
-9.58965 
-4.8877 
2.75772 
9.65028 
5.27731 
-1.0678 
4.98453 
2.15064 
2.8198 
4.55019 
-1.22766 
-0.335977 
-9.65587 
-2.14287 
-0.526263 
-7.02409 
-1.03446 
1.84733 
-9.5345 
-5.16194 
0.593662 
-2.22994 
-2.28816 
-8.19559 
-8.26784 
5.08543 
-0.663098 
5.22559 
-0.945919 
4.71086 
-5.32462 
-0.603514 
1.89155 
-0.741605 
0.504909 
0.846414 
-1.65196 
1.74097 
-4.0292 
-0.919995 
0.843185 
4.69655 
-6.10518 
-3.52765 
0.697616 
-1.27038 
-0.214268 
6.13696 
-0.661782 
4.71589 
0.189941 
2.81206 
0.706534 
-4.31415 
-0.594178 
-2.45812 
-5.14418 
-0.596199 
-0.311294 
1.49719 
-5.03147 
0.329398 
-0.707091 
-4.22574 
0.693467 
7.35014 
2.31279 
-1.80331 
-1.36207 
5.06864 
-0.199587 
3.51267 
2.30887 
1.82206 
1.09359 
-1.62779 
-0.297329 
-7.62636 
1.29215 
-2.10675 
0.732718 
-6.06809 
1.87274 
0.460029 
-8.78803 
-6.20469 
-7.13186 
0.51894 
-5.1754 
-9.21616 
5.01103 
-3.68581 
-1.93325 
-1.21467 
1.06884 
0.863284 
3.93731 
1.59345 
5.44809 
-9.23461 
0.0933319 
-0.450713 
-0.767405 
-0.630933 
0.0298372 
1.70151 
-4.26041 
-6.06189 
-8.73502 
0.689212 
-0.6149 
1.77672 
-1.77238 
-2.34974 
-1.1569 
0.860287 
-2.45223 
1.69139 
1.64299 
-0.276837 
-7.20966 
4.67057 
-1.01269 
-5.23643 
-1.33031 
3.99205 
1.5356 
-7.77393 
4.55439 
-2.16071 
-9.39093 
-6.02554 
-8.66378 
8.12463 
-0.485809 
-3.2887 
2.24128 
0.530237 
0.882725 
-0.818674 
-0.287106 
-9.92853 
0.874838 
1.15655 
-0.421544 
-0.709763 
-1.02393 
-0.832018 
-9.30608 
-6.39787 
8.04049 
-9.58935 
-5.51058 
1.77225 
-6.35024 
1.27611 
6.29131 
1.70294 
-0.236693 
2.34463 
-1.33106 
-7.90041 
0.0906599 
5.79397 
1.6417 
1.93891 
1.79418 
-3.21627 
-9.65057 
6.62595 
-3.62494 
5.90563 
-2.1407 
1.97542 
-2.75653 
-9.77187 
-5.85063 
-1.2292 
-0.638807 
-3.3051 
1.94442 
-2.24871 
-3.16394 
-1.15165 
-9.30047 
-0.144446 
-0.96656 
-7.4351 
2.46173 
-1.90974 
-0.802972 
4.67477 
-1.05079 
1.39785 
-8.3186 
7.9847 
-9.53193 
1.46403 
5.90343 
8.63432 
2.17738 
5.01536 
-0.505561 
4.20902 
-6.38262 
0.921488 
-9.56387 
-0.92562 
2.22381 
-1.16071 
-6.4543 
-3.16046 
0.652884 
2.49245 
0.336317 
1.45079 
-5.80173 
4.38189 
0.390128 
6.8337 
0.372106 
-0.200836 
-9.81093 
-6.568 
5.20899 
-2.04831 
0.14482 
-2.44366 
-0.713001 
-0.939249 
-0.535833 
-2.16217 
6.74988 
-0.731845 
-2.26527 
4.80372 
-3.08309 
-2.18443 
2.64246 
0.321736 
-0.203123 
-2.74294 
-3.3412 
-6.23264 
-6.76052 
-8.81977 
-7.85081 
-9.88427 
0.262423 
-3.78328 
-8.17693 
-1.44831 
7.4298 
-4.47962 
3.54109 
0.00129235 
-7.87471 
-4.52657 
-0.87331 
0.2942 
-7.43562 
0.442067 
-0.523769 
0.0461502 
-7.5533 
2.74659 
-8.94747 
1.77567 
-1.04123 
-0.575241 
-0.0867042 
3.97104 
2.29751 
-5.14806 
1.31 
-2.26392 
-3.48343 
1.05454 
-0.756221 
-9.72029 
5.13122 
0.315736 
-3.8962 
4.87031 
2.92407 
7.24624 
-0.16125 
-1.46431 
2.251 
-9.31936 
-3.78954 
1.06583 
-2.82648 
-4.6476 
1.26933 
4.43285 
-1.66764 
5.63385 
-4.30593 
-3.51619 
-1.1558 
8.71041 
-5.53545 
0.370129 
7.9714 
9.91411 
0.589285 
-0.102775 
-0.984303 
0.0412154 
8.30655 
-5.59567 
-7.8737 
-2.88896 
0.483299 
0.672864 
0.498311 
0.138098 
-2.09845 
-0.846213 
2.67429 
-5.97603 
8.11113 
-7.18879 
-0.0889381 
-0.804905 
-1.30684 
3.58513 
2.46408 
-2.98144 
-0.778947 
-1.45638 
-0.19625 
1.8569 
9.62406 
6.61633 
7.58853 
-4.41636 
4.59349 
-0.103862 
6.7307 
-0.413618 
-5.16656 
-0.811608 
-7.34935 
-2.37756 
-0.259918 
4.12764 
2.15154 
3.19357 
-2.0191 
6.45558 
8.30585 
-5.88428 
2.01771 
-2.1582 
-3.58928 
1.62201 
-5.39522 
0.670985 
0.335698 
-6.43071 
-0.691422 
-7.93507 
5.90464 
6.74391 
-1.6796 
-2.26014 
-2.34925 
7.9898 
-0.372711 
-2.07069 
-2.82031 
-9.48632 
-3.83662 
-6.46833 
-0.437958 
0.637985 
-0.771623 
-1.64614 
-2.70164 
5.53149 
2.68334 
-1.63418 
-6.49239 
-2.93708 
3.31717 
-3.76769 
4.62149 
-0.776647 
-8.5986 
-9.99402 
-1.77291 
-2.95664 
-8.54151 
-2.09431 
-7.37365 
1.10431 
-2.09972 
-2.54237 
-1.98182 
-0.817271 
3.15697 
-3.78344 
4.92366 
0.388913 
6.84483 
-2.89664 
-2.31986 
-3.51896 
-6.78216 
4.3334 
-8.52163 
-9.17842 
2.12449 
-9.9098 
2.09121 
-5.90085 
-4.52874 
2.67503 
1.7153 
-2.81084 
0.687683 
-7.27054 
0.283812 
-3.68467 
-2.60367 
9.51088 
1.61546 
8.46651 
-4.31618 
-8.78433 
1.85036 
-9.87017 
3.27339 
-7.69359 
-8.96476 
0.909797 
1.43493 
-0.856761 
7.70071 
2.01206 
5.89509 
-4.3835 
-1.29168 
3.64837 
0.00957088 
3.7942 
-3.92561 
0.664531 
-7.89432 
4.70702 
-0.50895 
2.63921 
-4.1684 
0.684613 
2.3448 
3.97821 
-6.24762 
-1.67294 
1.12573 
-3.78919 
-3.2312 
4.73622 
0.111415 
-8.02512 
-2.34604 
3.96784 
-3.75551 
0.67395 
-2.81415 
-5.476 
-9.57981 
-3.89104 
0.0611993 
-0.642778 
2.05286 
-0.802493 
5.01462 
1.91505 
-1.81802 
1.16352 
1.24599 
4.03188 
0.603086 
1.80719 
-0.600138 
0.531466 
-1.60922 
-3.10952 
1.72552 
-3.84002 
-7.37718 
0.852501 
1.77669 
-1.51479 
-4.2259 
-2.53874 
3.93075 
-5.66109 
-4.65468 
0.131296 
8.44561 
0.295831 
-2.6998 
-8.61011 
-5.80143 
-9.21815 
8.65552 
-1.28852 
-0.277326 
1.21635 
4.32574 
1.59673 
0.0174465 
-3.75169 
-2.2158 
0.0623044 
-0.313524 
4.41525 
0.119229 
1.41068 
-0.88926 
-1.16349 
2.89863 
-4.87076 
-0.145673 
-1.82133 
3.95965 
2.06224 
-7.39688 
-0.843645 
-2.9382 
0.933087 
1.1829 
0.410685 
-2.60671 
2.31653 
-2.06764 
-9.72106 
-0.972805 
-1.91621 
3.33364 
-0.833836 
-0.099201 
3.78277 
-0.423099 
-0.875129 
-1.49887 
2.84137 
-9.13572 
0.918394 
-3.32996 
-4.5452 
-0.866532 
-3.97652 
-1.03333 
0.763177 
-1.98634 
0.587157 
3.74243 
-2.89303 
6.16405 
-3.68313 
-1.51866 
-0.885488 
0.752096 
3.28154 
-0.0542899 
-5.21675 
5.63407 
1.14208 
-0.828721 
-3.78537 
4.36238 
3.29999 
-2.32802 
-1.71188 
3.32159 
-3.79726 
-9.24165 
8.31545 
8.45701 
-5.22382 
-6.97572 
2.81543 
-1.3513 
-8.52874 
8.02012 
-6.02649 
-8.6602 
3.89926 
-9.70835 
1.38462 
-0.851619 
0.99425 
6.96096 
1.74824 
0.643369 
-7.086 
-3.38078 
-0.906531 
7.61679 
0.832981 
1.10755 
-0.468175 
0.646278 
-0.663155 
3.4537 
4.14136 
-2.0807 
-5.07777 
-0.99388 
2.94564 
3.39827 
1.70165 
2.75417 
-5.84788 
3.21858 
-0.830257 
-4.31263 
4.23847 
-1.01118 
-7.34607 
3.41709 
-0.0223891 
-6.78691 
2.60032 
-5.17163 
6.70937 
-7.45476 
1.00039 
-3.87707 
-0.598877 
-3.64753 
4.5455 
2.2465 
1.35166 
1.0713 
-2.61806 
0.379228 
-4.4774 
-0.0806342 
-2.11932 
-6.04753 
0.956074 
1.74027 
-2.71749 
1.06093 
-2.42275 
1.96728 
-3.84315 
-0.59292 
5.3512 
0.227187 
-1.21053 
-4.35128 
1.52551 
0.815242 
-3.06884 
2.04539 
-2.18533 
-1.94777 
-5.16595 
-0.358042 
-5.42564 
-8.58677 
-0.951556 
-1.77212 
0.189042 
0.718749 
-1.09815 
-0.491832 
3.12561 
1.31715 
-7.59516 
-6.40769 
-9.72742 
-0.798736 
1.96896 
-5.83531 
-6.38993 
-1.07223 
-0.765575 
2.10564 
-0.753184 
6.29395 
0.133413 
-1.22827 
0.406762 
0.456294 
-5.11936 
-3.27428 
-0.340886 
-7.62085 
6.88499 
2.3861 
5.49919 
0.652052 
1.05699 
0.888783 
2.44204 
5.43881 
0.437649 
-6.8798 
-5.68406 
-8.8913 
-3.11693 
-0.497833 
-0.366638 
1.02019 
-6.23717 
-0.450235 
1.03289 
-3.77822 
3.09255 
-9.77073 
0.869724 
-4.71332 
-2.50941 
-1.10302 
0.285163 
-6.8756 
-8.92389 
-5.07411 
1.76878 
-0.439108 
-6.21317 
2.01531 
-0.169644 
1.88566 
-1.7791 
-5.50429 
-9.20096 
-0.316687 
3.54906 
7.8421 
4.22926 
0.555761 
-6.61197 
1.43058 
8.17567 
0.843552 
-1.64273 
-2.13301 
-0.52973 
-8.96619 
0.83155 
0.20367 
-9.57817 
9.30534 
-5.78046 
-5.59469 
0.535787 
-0.182218 
8.29025 
-1.52026 
-1.33848 
-2.1573 
-2.94391 
0.948072 
1.59366 
4.18896 
2.80601 
-1.48551 
1.13163 
-5.85107 
9.88546 
2.56956 
-2.54076 
2.51641 
-1.78892 
9.59507 
2.02298 
-2.24724 
-0.109873 
-4.03515 
-4.67517 
-7.28196 
-6.22247 
6.21298 
0.629638 
-5.46301 
0.620672 
1.20536 
-5.01971 
-3.24024 
-9.83784 
-5.73056 
0.316386 
2.28445 
-3.24531 
0.587125 
6.46446 
-0.219834 
-3.0928 
-8.5934 
0.392275 
7.56293 
2.2521 
-3.50076 
1.17095 
9.25138 
-9.66239 
-1.42179 
0.701259 
-1.23918 
-4.12807 
0.986795 
-1.51101 
-1.37171 
5.81171 
-7.68964 
7.22898 
-7.0502 
2.46874 
0.283248 
0.0333477 
-1.01363 
4.19778 
2.15261 
-6.14932 
0.702616 
-9.50137 
-2.53633 
-1.40239 
1.77899 
-7.82786 
6.39869 
-7.02443 
-2.12419 
8.34295 
-3.87528 
-6.03917 
-0.676043 
-1.85518 
1.85794 
1.77604 
-0.680316 
-6.8714 
-4.33646 
-0.794989 
-2.11358 
4.92133 
2.25647 
2.40182 
6.16474 
-4.70057 
1.82389 
-2.982 
8.74279 
-6.59471 
-1.13276 
-0.664287 
1.67812 
0.0736167 
-7.82442 
0.930166 
-4.70868 
0.934465 
4.03463 
3.26332 
0.0286875 
-9.53477 
-3.11664 
0.762913 
-7.91479 
-1.13557 
6.6483 
-7.80279 
9.62597 
0.301335 
-0.136308 
2.98653 
-5.18942 
-5.49716 
-7.92138 
6.21122 
-0.374737 
-5.66956 
0.0455026 
2.09651 
-1.52973 
5.4288 
-1.11852 
0.220676 
-9.68182 
-1.87964 
5.47803 
0.850227 
7.23183 
2.7919 
-5.48944 
-0.303182 
4.88349 
-6.02825 
2.51431 
-5.02947 
3.5259 
-1.87498 
-9.06212 
-2.11344 
-5.9054 
-3.66785 
-5.43724 
3.03011 
5.04106 
-1.54419 
1.58031 
-1.63982 
-9.77156 
5.8396 
0.466631 
3.12456 
2.77263 
-3.65142 
2.18593 
-2.91598 
-0.907881 
-4.68041 
-1.02585 
-9.23398 
1.66659 
1.71185 
-1.2955 
-1.98009 
-8.35199 
2.12063 
3.70535 
0.0206261 
-7.37705 
1.18966 
1.04297 
-9.60396 
0.278469 
-1.95626 
-7.33811 
5.51179 
-1.87659 
-9.97853 
-5.16138 
-2.94219 
-0.910984 
-0.586476 
6.52833 
1.52594 
-2.05368 
-8.47425 
2.95301 
-2.30233 
-9.0462 
-1.0854 
-1.69108 
-2.03459 
-7.98699 
-2.66487 
-5.39284 
-4.47931 
0.308713 
-6.95251 
4.30043 
-6.07139 
0.260017 
0.0340515 
-5.61158 
0.211024 
0.939328 
-5.27062 
0.600991 
-4.07612 
-0.228015 
1.34306 
-1.49595 
2.08746 
-2.90223 
-1.45471 
5.24755 
-8.10713 
-0.318954 
-5.03425 
-0.717981 
1.3714 
-1.04366 
-2.34214 
2.5016 
2.32956 
-9.23965 
-3.69548 
4.10309 
0.691297 
3.44719 
-2.11805 
1.89683 
2.80615 
5.1061 
0.463321 
2.59293 
-3.7877 
-8.51337 
0.0790586 
-0.0817368 
-1.3249 
0.588567 
-0.103876 
1.16199 
-3.22665 
1.35491 
1.87674 
-6.27578 
3.4747 
-2.25115 
-3.13604 
-5.65614 
3.58778 
2.03964 
-1.5313 
-9.53279 
-5.66957 
-0.272464 
3.56199 
-0.844097 
1.32791 
-0.72211 
-6.19588 
-7.93812 
0.942054 
1.46493 
-0.861495 
3.38706 
-5.75735 
-3.94996 
9.2721 
-1.10323 
-1.80026 
-3.05675 
-0.24459 
2.89748 
1.11653 
-5.04071 
2.1165 
0.634934 
0.249727 
-7.90044 
-5.0807 
2.60665 
6.59046 
9.40891 
-2.29664 
-6.10917 
-3.7381 
0.282521 
2.43912 
-0.774767 
-8.41326 
1.72663 
-1.82767 
0.948167 
-7.33157 
7.70066 
0.235477 
0.0929555 
-4.2974 
-7.21173 
4.46413 
-3.17174 
-0.386617 
-9.91165 
0.0404082 
-0.550528 
0.557451 
-2.52189 
9.25249 
-0.69142 
1.02782 
0.0248071 
-1.62325 
5.32866 
-0.0538281 
2.61551 
-0.344821 
4.78772 
5.98556 
-5.54494 
0.273852 
0.652366 
2.65291 
1.5736 
0.0666793 
-7.86608 
-0.176325 
-4.5308 
-9.90817 
-4.32232 
-3.59123 
-9.68101 
9.52325 
2.63088 
-3.23389 
1.64238 
-8.00514 
0.636582 
2.4777 
1.03022 
-0.629892 
-8.66462 
-3.47538 
0.658149 
-9.40653 
0.962117 
-0.838698 
5.72149 
0.831809 
-0.528436 
-5.44939 
3.68345 
4.2108 
0.572914 
-1.52458 
-4.18195 
-9.84176 
0.481042 
-1.99669 
5.72454 
-1.07977 
5.43552 
-4.1356 
6.37025 
-0.621653 
-2.23487 
-1.2654 
-0.686218 
-0.502253 
2.31004 
1.25243 
5.30557 
0.440236 
-8.87881 
-1.50191 
1.04236 
-0.172062 
4.81864 
3.0683 
-7.85741 
-2.7516 
-3.2548 
-3.04038 
1.48087 
-2.24418 
-0.644606 
0.502404 
-7.62571 
0.0830237 
9.09192 
-8.72046 
-1.04162 
-1.7088 
-0.17936 
3.03623 
-0.491567 
7.53219 
1.28891 
0.826526 
-3.15666 
8.12334 
-1.11344 
3.23729 
2.5555 
7.04871 
-1.87605 
0.367208 
-2.13525 
0.401387 
-8.78358 
-2.63943 
1.04089 
-3.05636 
3.07583 
0.410301 
0.292815 
7.30676 
6.69548 
0.00898955 
-1.97385 
-2.26358 
-4.05258 
2.64799 
2.03885 
-5.94274 
-1.25944 
-2.952 
0.965581 
-4.03293 
-6.6249 
-0.682331 
0.537436 
0.829821 
-1.56058 
-7.22249 
0.217594 
-3.78171 
8.99877 
0.164896 
-9.1465 
8.76995 
0.697644 
-7.86045 
1.70945 
3.18286 
-1.55089 
-1.27828 
-1.02726 
-3.28443 
3.78956 
-7.81479 
0.681075 
-9.90944 
-6.94665 
-2.21254 
-6.41131 
1.18561 
4.70921 
-1.27142 
6.80404 
7.52783 
-1.17448 
0.783655 
-1.13369 
0.495065 
-4.61125 
1.68863 
-6.97672 
-3.85212 
-7.88364 
-1.32997 
-0.430833 
-9.38933 
-1.13694 
0.650328 
-8.11796 
-8.57745 
-0.554696 
-7.30867 
-5.36422 
0.0526326 
-1.00594 
-1.26107 
1.98241 
7.53725 
-3.79247 
0.677549 
3.66679 
6.91426 
-8.17508 
-7.78922 
-3.88386 
-2.80969 
-5.45603 
-7.07074 
0.711519 
-2.31524 
-2.38723 
3.63162 
-6.96465 
-8.20191 
-1.94997 
-7.16611 
-2.02652 
2.67923 
6.80919 
4.92802 
-3.01414 
-3.51754 
1.35945 
0.105536 
-2.30795 
4.06814 
1.12341 
2.97326 
0.879375 
-7.77552 
-9.53814 
-4.95122 
2.91093 
7.25873 
-1.98234 
6.13116 
-0.0557531 
2.1142 
0.700598 
-1.66896 
-0.0580266 
0.829482 
-4.33848 
-3.98527 
3.07664 
-2.79247 
-3.60129 
3.77722 
-2.59111 
-1.55719 
-3.38232 
9.10148 
-0.176526 
0.149744 
-1.38772 
-4.41869 
-1.2971 
-2.04215 
-0.874966 
-6.20625 
-0.958241 
5.04575 
1.65575 
1.67506 
6.17241 
4.29477 
0.173836 
-1.71557 
-0.611488 
0.869398 
0.886549 
5.21016 
-4.64206 
7.07379 
9.18331 
-6.39876 
2.45402 
-3.11865 
-0.93021 
0.71557 
-7.88531 
-3.87596 
-0.449093 
-1.82101 
-6.16623 
-6.38204 
-1.78458 
-0.485694 
-0.797395 
-9.55291 
8.19154 
-1.44015 
-0.746588 
-9.04029 
-5.85544 
-4.72837 
-2.83502 
-2.60555 
-1.83157 
-0.725827 
1.73937 
-0.482141 
8.67859 
8.31097 
1.78248 
-5.48289 
2.66429 
0.259315 
7.39254 
-0.238425 
-7.09649 
-6.44185 
-0.149067 
3.42558 
0.365236 
-1.76213 
1.66981 
0.534935 
4.89966 
-7.64666 
-6.12263 
3.49657 
7.15689 
-0.483479 
-2.03317 
8.55012 
-0.707424 
1.03212 
3.54336 
1.95546 
-3.16254 
4.07372 
-4.53209 
-7.32631 
3.54461 
-0.231667 
-5.0806 
-0.0417909 
-5.59904 
-0.892987 
1.64644 
-2.87013 
5.73688 
0.225974 
9.08645 
-4.59945 
-6.11132 
-2.66021 
-8.16539 
1.15418 
-2.9615 
-0.0362078 
4.9934 
0.844129 
-3.55822 
-9.16522 
8.84018 
7.3119 
1.91042 
-8.16543 
-2.28402 
0.0909298 
-2.67208 
1.41781 
-6.00181 
-4.1726 
-1.01673 
7.71444 
-2.10005 
2.2575 
8.36685 
-8.75587 
1.0004 
0.497195 
-0.104201 
-0.89556 
-8.29163 
-0.000352612 
-9.15057 
-0.135143 
2.08172 
-9.90806 
-9.10368 
7.46424 
3.17047 
-1.98478 
5.22531 
-0.818351 
-1.09472 
-9.00438 
-4.99809 
-1.33799 
0.592348 
1.36354 
5.40483 
-7.6343 
2.48431 
-8.66537 
1.30942 
-0.94071 
0.523408 
-8.31163 
-1.04832 
-1.10254 
-9.89259 
7.93176 
-0.531171 
-2.35809 
3.26521 
6.51734 
0.272711 
1.91412 
-6.3509 
-2.54327 
6.40509 
-4.01422 
-1.57058 
6.634 
-0.88387 
-6.67163 
0.76145 
4.3701 
2.34608 
-0.85007 
-6.22341 
-8.04773 
-3.58623 
-0.214028 
-0.844278 
3.38205 
0.195922 
0.372397 
-9.93617 
3.62341 
4.71412 
0.909172 
-6.8561 
-2.31016 
-2.19917 
3.68939 
-9.40398 
3.47217 
5.34907 
-3.91501 
1.27937 
4.73868 
1.9498 
0.603172 
0.799393 
-0.776835 
-1.24941 
-0.854966 
-0.440277 
0.0334993 
-4.86407 
-4.89129 
-5.89481 
0.382407 
-2.09561 
-2.57961 
-8.89076 
-6.5429 
-8.05766 
1.76735 
3.33724 
0.774073 
-2.14345 
-2.90087 
-8.58262 
1.81758 
-2.0173 
-1.42358 
1.42585 
-0.582582 
-1.50099 
-8.02204 
-9.68684 
0.938069 
-1.18067 
-6.14033 
-0.932579 
-1.82721 
-9.52059 
0.446667 
3.65217 
-4.94838 
-1.2295 
-1.13816 
-4.66615 
1.2986 
1.40178 
-8.27266 
-8.88229 
-8.53302 
0.0634881 
1.75744 
-0.808604 
-2.52321 
-9.97361 
3.21587 
-1.11357 
-7.56098 
-8.37185 
-5.81067 
-1.70605 
2.24338 
1.81858 
0.726429 
-0.740787 
-2.27731 
5.31306 
1.53401 
-4.65859 
-9.19669 
0.313846 
1.5812 
-0.937254 
-5.27184 
2.29824 
-2.80333 
-8.12439 
-1.98792 
4.05427 
1.56109 
-0.348248 
-4.1782 
1.05276 
-6.32382 
-7.81756 
-2.44977 
1.70917 
2.11053 
-8.7237 
0.394199 
2.0109 
-0.0147167 
-0.816799 
-0.513803 
4.24695 
4.41202 
3.16932 
-7.34141 
-0.639766 
-6.68851 
-9.63033 
-9.68678 
-1.92314 
-5.46712 
-2.52683 
-2.79953 
1.25135 
0.606053 
1.38929 
-6.57375 
-2.14133 
0.906717 
2.06194 
-0.794576 
-9.24153 
-0.282703 
0.937011 
-2.15998 
-3.85328 
1.50387 
-2.49306 
-5.49085 
0.999682 
-1.00714 
-2.09274 
-0.892656 
1.662 
2.78723 
8.45532 
-7.58666 
-3.48408 
1.11987 
0.586178 
-1.53917 
-2.00253 
-5.39225 
-1.08129 
-0.302823 
-0.164603 
3.62941 
-0.470408 
2.09018 
-1.39191 
0.769474 
-1.33651 
-4.95064 
1.05098 
-0.993963 
3.02154 
0.196916 
-1.78213 
0.608121 
-2.40835 
-9.68497 
-6.54934 
-9.80497 
1.68489 
-1.756 
4.96228 
2.29396 
-1.66785 
0.209903 
-6.35042 
-2.16335 
-1.98547 
-8.00211 
-0.963767 
1.00459 
-0.813866 
1.57512 
0.750662 
-0.814611 
-2.01675 
0.773537 
-2.6494 
-0.00172288 
-0.913983 
-3.5644 
-7.06977 
5.69374 
-0.846341 
-3.51135 
-1.52673 
-3.90811 
-0.0933209 
-0.0517754 
-7.63249 
-9.24581 
-4.85719 
3.98608 
1.58068 
-0.926533 
-4.72225 
-2.11637 
8.39959 
-0.578469 
-8.27032 
1.53869 
-8.59744 
0.859831 
5.85374 
-0.540423 
-6.64436 
1.44249 
-0.586285 
-2.58054 
-3.24363 
-4.19098 
0.7285 
7.06218 
-8.64487 
2.26272 
2.67993 
-0.777164 
0.0979625 
-6.43538 
1.2339 
-8.56763 
-3.60706 
-1.79149 
-0.660967 
-2.56994 
9.65733 
-1.74866 
-8.56495 
-4.98282 
-0.283995 
5.94358 
-0.51323 
0.858169 
-9.80147 
0.548373 
0.177049 
0.64251 
-0.369823 
-1.94303 
-2.49402 
1.85205 
-1.92736 
1.46926 
-2.02366 
-4.10753 
6.71087 
-9.29384 
-1.16466 
0.352987 
-9.84767 
6.74285 
-8.20253 
-0.608566 
-0.345868 
-9.70113 
6.6781 
-1.70249 
-9.91375 
7.82277 
1.75605 
2.0582 
2.53517 
-2.11693 
2.05078 
4.65481 
-4.5178 
-6.38611 
-0.860394 
2.406 
-9.41629 
1.01966 
0.516985 
4.14456 
-4.69035 
1.77632 
-8.15118 
6.0062 
0.26695 
5.35839 
1.61338 
-7.8271 
1.80909 
-9.46496 
-5.88621 
-0.203208 
1.71569 
3.02353 
1.84319 
-4.40599 
8.40947 
1.35265 
-3.19206 
-9.78168 
-6.62648 
6.97885 
2.14778 
-7.36642 
-5.97441 
-7.38189 
-2.29204 
4.93065 
1.49925 
0.278461 
2.521 
0.528612 
-7.2761 
-0.800681 
4.0956 
2.04076 
4.52988 
0.628912 
3.5558 
-5.22961 
-0.0330108 
2.75928 
-2.2747 
2.53723 
-5.16456 
-0.787337 
2.19516 
4.7229 
4.25279 
-8.39233 
-8.00898 
-1.78099 
-1.27859 
0.617752 
-6.27963 
-9.48436 
1.65003 
-0.127249 
-2.50882 
0.946508 
-0.912642 
-3.46997 
0.257209 
-2.36623 
4.28421 
-4.45447 
-3.6086 
-7.66822 
-7.09323 
-4.25948 
0.266215 
7.12925 
6.70306 
-6.0302 
1.25052 
-0.304642 
4.55376 
-7.38028 
-6.77961 
7.8726 
4.61541 
1.36155 
0.832429 
-4.27444 
-2.63593 
4.14114 
-7.83319 
-1.96795 
-8.64417 
2.00636 
1.60365 
-9.58795 
0.557812 
-4.99567 
-6.10245 
-1.22027 
6.81469 
1.22377 
-4.18437 
5.14959 
-0.390637 
-3.41819 
2.74402 
4.78301 
-3.26812 
-1.69769 
-9.43531 
-1.21708 
6.35095 
-4.54188 
2.75972 
-2.47099 
-1.96843 
-0.199065 
-6.34385 
2.26572 
-2.75571 
0.0993057 
0.391901 
1.7072 
1.84065 
-1.91526 
-7.9202 
0.0431582 
5.53275 
0.724821 
0.184754 
-0.313886 
-9.12771 
-0.490081 
-2.11741 
1.50607 
5.78565 
-8.28035 
-0.435321 
3.54918 
8.11185 
1.86599 
0.4385 
0.961729 
-3.87182 
9.40031 
-1.90946 
-2.29598 
7.94308 
9.20434 
-2.38262 
-2.66475 
0.132791 
1.45863 
-0.88642 
-6.39298 
-0.782514 
-9.34301 
1.77121 
0.583225 
0.890557 
-3.6331 
2.10592 
-6.59157 
2.37399 
3.85107 
-7.4062 
-1.62916 
1.87361 
3.09317 
-8.84197 
0.336973 
-6.83642 
8.99367 
0.0950538 
3.88447 
1.86589 
-8.51616 
-4.09249 
5.01248 
5.90967 
-3.97723 
-4.02814 
0.544587 
1.26333 
-9.19541 
-1.19779 
8.94407 
-1.07573 
-2.30446 
-1.14012 
8.25781 
7.58436 
-7.09747 
3.05855 
-2.80239 
2.96533 
4.78241 
7.02173 
2.34149 
-1.30526 
8.69855 
-8.40269 
1.23188 
-1.22439 
-6.45686 
1.0105 
3.19276 
-2.48833 
0.0943266 
-2.66751 
7.58045 
-0.453758 
-0.0208824 
-1.19317 
0.789107 
-1.82941 
-1.72611 
5.73121 
2.19535 
4.20649 
-0.251547 
1.70089 
-4.83501 
0.207879 
2.51243 
-0.743979 
-7.28752 
-4.48463 
1.2175 
5.85162 
-0.692172 
-0.0237902 
-5.35437 
2.45433 
0.0780135 
0.820372 
7.42605 
-1.76924 
4.26468 
2.27971 
-0.0374633 
-2.78795 
-7.90125 
3.77697 
2.55211 
2.91368 
-3.63787 
5.50141 
0.152076 
-0.280904 
1.4555 
0.730838 
-6.4003 
-4.69204 
0.516832 
0.027527 
-0.459034 
-1.09227 
0.228508 
5.98546 
-6.73019 
-2.67668 
-8.33381 
-0.618924 
-8.89876 
1.31433 
4.16576 
-3.32874 
1.70847 
-7.70969 
8.56836 
1.114 
-1.75743 
3.31033 
-7.53624 
0.896226 
9.6648 
0.255231 
6.96617 
-2.1375 
2.00754 
-1.06671 
-7.28458 
-4.40408 
-1.74975 
6.53954 
-1.41761 
-0.680095 
1.82742 
-0.0528042 
-5.28189 
-6.69507 
-2.50579 
1.05429 
2.02768 
-0.805304 
2.08675 
-1.92947 
4.91086 
7.41784 
-5.93282 
-5.29042 
1.55178 
-5.40195 
-0.262942 
-1.87577 
-2.93799 
-4.49631 
0.815579 
-4.80678 
5.006 
0.876114 
-2.92786 
1.86598 
2.71442 
-8.94129 
3.97036 
-8.01182 
-1.70161 
4.93726 
1.95846 
-9.71029 
-0.561861 
1.09 
5.94735 
-8.82713 
-7.84744 
-7.76673 
-0.941731 
7.09902 
-8.76448 
-6.87989 
0.173282 
-2.4286 
-0.931785 
-8.22916 
2.68681 
-3.14725 
-0.550698 
8.52552 
-2.05769 
-1.87273 
1.81557 
-0.195651 
-0.35301 
-0.868778 
-3.91052 
-4.19984 
1.02615 
-1.61856 
0.951442 
0.165194 
6.73713 
2.97322 
-1.39923 
-9.35699 
0.0473573 
2.67001 
0.752423 
1.59336 
-7.96654 
-4.58857 
-5.44954 
-1.72776 
7.49154 
-8.01217 
0.592594 
1.29481 
-2.018 
0.735297 
4.91577 
0.0686568 
-1.20068 
-4.79553 
-8.52128 
1.72193 
9.55595 
-8.82523 
-9.5924 
0.323954 
1.62929 
-1.74943 
4.2325 
-5.29859 
-1.24446 
9.38253 
-4.00992 
-8.63755 
5.46371 
-2.96049 
6.19959 
-7.62794 
0.490142 
1.40385 
0.71732 
-1.7782 
-2.58994 
-2.00075 
-0.93038 
-8.11039 
-8.76353 
1.0821 
-6.05142 
-0.048116 
-0.841123 
0.778821 
-1.60618 
9.09036 
-9.07255 
2.55402 
-7.04717 
-1.98432 
-1.53203 
2.01827 
-1.29523 
1.74881 
1.55955 
-0.479603 
-6.78841 
-1.29924 
-6.25098 
-6.93024 
-3.16335 
5.89191 
3.39075 
-7.80693 
-4.00198 
-2.26972 
0.0748708 
5.08789 
1.09839 
1.14615 
-9.67916 
-1.99039 
-7.29296 
2.41643 
-0.0484364 
-3.84771 
0.186102 
5.62887 
-2.28285 
3.47239 
-9.7911 
4.30732 
-6.9192 
3.25848 
3.59253 
3.80566 
1.60763 
-0.646102 
4.49652 
7.58679 
0.897978 
-2.00611 
1.56574 
-8.13541 
-6.50406 
-3.00698 
-1.34051 
-0.813213 
4.58741 
-2.90172 
-4.69402 
2.7527 
0.250977 
-0.720075 
-8.59032 
-1.85602 
-8.79843 
-8.87972 
0.516771 
0.599054 
-1.38464 
-0.6688 
1.11803 
-1.64702 
3.12876 
-2.13412 
-2.6589 
-0.464543 
3.70782 
-1.91624 
-0.45681 
2.83408 
0.866607 
-0.76998 
-2.02327 
-4.50695 
-3.24986 
0.472892 
2.39097 
-9.30112 
-1.98741 
5.6223 
0.09709 
2.28352 
-1.79068 
3.92101 
-2.24884 
-1.37441 
-2.35336 
0.0134753 
-6.69285 
3.71184 
-0.0450736 
-3.74288 
-8.81082 
0.109522 
-1.31195 
-0.7312 
0.852474 
2.3484 
5.20319 
0.98613 
-4.73514 
-0.896326 
-0.346482 
-9.86099 
-8.16915 
5.7632 
3.43837 
6.5817 
1.37859 
2.30873 
-9.79346 
-9.83509 
1.47505 
-7.57225 
-7.01303 
-0.554996 
2.74378 
1.30325 
-1.59463 
-2.41176 
3.54044 
1.47699 
-3.03218 
-8.848 
-1.87174 
0.400398 
-9.84869 
1.37003 
-4.63879 
-7.81379 
-3.19266 
-9.32303 
-0.14069 
0.780366 
-1.6647 
2.23457 
1.25977 
4.07385 
-2.06863 
-8.74887 
1.34328 
2.27721 
-2.83167 
-0.42753 
9.22815 
-1.37373 
1.92727 
-3.1133 
-0.299269 
4.96299 
-7.91599 
5.01857 
-1.56773 
-4.83034 
5.99304 
-6.51608 
3.52314 
-4.96168 
-5.07211 
0.450366 
0.0563449 
-1.49868 
-6.22112 
-1.06108 
-9.73698 
8.31939 
1.88678 
1.8141 
-9.51592 
1.4237 
-1.21586 
-0.425594 
7.43067 
8.76006 
2.53027 
3.7137 
-0.405735 
-6.69017 
-7.57135 
6.15605 
4.85436 
3.96823 
1.34853 
2.37521 
-9.03697 
0.795276 
-1.22186 
-0.44804 
1.02682 
-8.76234 
-1.8245 
-2.62686 
1.07082 
3.03872 
-0.200549 
1.32947 
0.418201 
4.9098 
3.84238 
2.01401 
-1.21566 
-4.40333 
-8.36639 
3.02878 
1.09385 
1.78537 
7.57016 
-1.1106 
4.25461 
-6.32289 
-1.77662 
-3.29569 
-3.14537 
-1.85372 
-7.60701 
3.20861 
9.03774 
-0.861996 
-2.25962 
4.69893 
2.02682 
-1.53697 
-0.39342 
-9.97168 
1.53702 
-7.15788 
-4.50412 
2.35509 
2.2308 
1.98704 
-1.3495 
0.0389701 
-7.7719 
5.63806 
0.861746 
-0.444548 
-0.0665191 
9.91654 
-1.15908 
0.00522044 
-4.92599 
-1.88632 
4.72482 
5.67861 
-0.12419 
7.63143 
-4.44359 
1.02955 
0.17489 
-8.25427 
-1.41759 
-6.4233 
0.649076 
5.18966 
-8.84855 
2.43145 
4.4555 
-4.52946 
-1.51365 
3.11301 
-0.544155 
4.56287 
8.0673 
-4.93113 
1.38078 
-8.34068 
-3.39456 
-3.03153 
8.18091 
7.31125 
1.63127 
2.69324 
6.86324 
1.44834 
0.760047 
-1.30886 
0.783027 
-3.59404 
-0.642924 
-2.97327 
-3.4478 
2.37299 
-4.80371 
2.19123 
-0.263411 
4.43345 
-7.71613 
-4.14662 
-2.55321 
9.99272 
-4.09732 
-2.15062 
4.01926 
6.92881 
6.10101 
-2.08776 
9.36631 
-2.59992 
3.10015 
1.89096 
-3.16066 
-1.87975 
0.873874 
0.905667 
1.64788 
6.33604 
2.20686 
-1.39404 
-0.397217 
-3.48202 
4.23588 
-0.598779 
0.62348 
-0.32239 
0.176409 
1.41038 
-9.24503 
3.59707 
-9.77949 
7.01032 
-2.20463 
-0.741635 
-0.930929 
-1.82493 
-3.46639 
1.17391 
-1.87134 
2.80328 
0.508907 
0.726053 
-8.6694 
-4.85913 
4.50231 
-4.78682 
-0.658652 
-5.66269 
-5.762 
-1.27463 
-7.34284 
-1.24204 
5.30556 
6.56504 
-2.99146 
-0.210248 
0.941123 
-0.418437 
4.49659 
3.3663 
-5.58708 
1.83178 
3.7966 
3.61824 
5.66987 
-0.759321 
6.53477 
0.166091 
3.10975 
-1.88032 
0.794813 
-8.97376 
-2.45596 
-9.59969 
1.92055 
0.484596 
4.13307 
0.731983 
-9.2188 
0.640954 
-7.87843 
4.15892 
-0.245623 
-1.09683 
1.05629 
9.51882 
-1.63424 
-0.203469 
-3.89057 
-1.50752 
-2.26377 
-4.40369 
-9.68498 
5.95852 
-5.26212 
1.97415 
-2.72823 
1.94268 
-0.143511 
1.42437 
4.32925 
0.416857 
3.43329 
-5.33259 
0.936517 
-7.5451 
6.3737 
-9.6021 
-0.599522 
2.15901 
-5.19232 
-1.72787 
2.88602 
-2.21369 
6.78679 
-6.42515 
-3.15584 
6.31471 
-9.65882 
-6.42531 
3.06849 
-9.50499 
-3.50478 
3.43753 
-3.01635 
2.65936 
0.35901 
-2.42017 
1.52182 
-3.56887 
-6.0381 
0.381245 
-9.36417 
6.88475 
2.36224 
-0.386413 
5.37344 
-1.13963 
0.504794 
2.52123 
5.86497 
3.17034 
0.0897154 
3.5896 
-0.534843 
-7.41024 
-9.98936 
-0.325783 
3.57232 
-2.25166 
1.11504 
1.91191 
-5.08334 
5.01507 
3.05532 
-1.51069 
-0.661964 
-7.6702 
5.29784 
7.3704 
-4.19959 
4.00049 
7.60589 
-6.62125 
2.46442 
-1.29888 
-2.49075 
-1.54794 
-1.67688 
-0.105805 
0.997452 
2.00654 
-0.741309 
-0.65195 
-0.329144 
-2.99981 
-7.59052 
0.0996204 
0.939391 
1.16957 
-2.74677 
-1.67272 
0.929103 
0.21775 
-0.547869 
3.1423 
1.41036 
3.76018 
-2.25533 
-0.0271313 
-0.601324 
1.31635 
0.822905 
3.76175 
0.721806 
-1.17822 
-0.718993 
4.57267 
-0.330654 
0.329084 
-5.30363 
0.495208 
-1.16333 
-7.9271 
-5.53456 
-5.39869 
2.54437 
-4.83064 
6.47523 
4.39082 
2.23191 
6.76615 
-1.0274 
-5.38702 
0.448025 
-8.23022 
-3.86903 
5.65072 
6.03406 
1.01904 
-3.23562 
1.63195 
3.78225 
-0.51505 
-1.98485 
-3.6003 
-3.32108 
-5.6226 
-8.50146 
-0.861891 
3.35979 
9.11045 
3.85313 
5.30222 
-4.98662 
-0.371403 
1.08317 
-1.13473 
-2.06672 
-3.17423 
7.20581 
-0.720715 
9.27501 
0.822937 
1.18561 
3.04736 
-1.45591 
-3.14031 
-9.96498 
4.7537 
-0.107795 
-8.20197 
8.56496 
5.7632 
5.16609 
0.409011 
1.72977 
3.05694 
-7.38977 
-6.04518 
-1.84673 
1.52185 
-2.47498 
1.5767 
3.13498 
0.593349 
0.21933 
-2.58912 
-0.84423 
0.0717733 
-4.29328 
-3.45417 
5.76325 
-4.34824 
-1.03537 
-0.0596192 
0.12594 
1.91836 
-0.0892912 
-1.88614 
1.787 
-1.69902 
2.92081 
-9.27409 
1.20261 
2.31791 
0.735954 
-7.05805 
-7.63362 
-0.271731 
-3.24296 
2.87173 
-1.31089 
2.60204 
4.19468 
-0.500585 
1.3529 
-6.57407 
-0.641348 
-3.845 
9.2078 
-1.76084 
-0.463962 
-2.07663 
-3.17827 
3.9908 
-1.93285 
-0.424844 
-1.45817 
-0.0443765 
1.39001 
-3.51961 
-4.70269 
-6.92008 
1.98694 
-1.60398 
-9.10295 
5.75421 
4.34448 
-9.49643 
-1.92335 
6.46719 
-6.19473 
-7.14708 
1.15221 
-0.766542 
-8.6906 
2.08132 
9.42744 
8.77713 
1.37376 
-2.3539 
1.61747 
6.51702 
-3.42357 
3.60331 
0.156233 
0.980935 
-3.41012 
-8.22332 
0.346535 
-6.99767 
-8.67886 
-1.07523 
3.54222 
-1.0613 
1.72937 
-1.39238 
0.702789 
-3.3462 
-7.17621 
-2.02326 
1.11121 
4.63413 
-2.74528 
0.511748 
-8.53581 
9.14681 
-3.73388 
2.62921 
-2.9271 
0.210824 
-2.36543 
-6.62249 
-9.24166 
9.03999 
-6.49292 
2.80941 
-8.91047 
-7.92084 
-5.67468 
4.10774 
0.378773 
-4.80955 
-9.17964 
-5.24887 
-3.30607 
2.31479 
-3.85903 
4.35615 
7.02145 
1.28623 
4.31723 
0.435919 
1.96021 
-5.99831 
0.902248 
0.317177 
-1.57973 
-1.11606 
-0.13508 
-2.75046 
0.658099 
-8.6347 
3.79244 
0.404179 
0.299083 
-6.56649 
-1.06624 
-1.89158 
-0.440013 
-1.75923 
-8.45433 
-1.64244 
-9.44183 
-6.4098 
-0.85706 
-0.201469 
4.06854 
-3.34089 
-6.92886 
-8.45474 
-0.0794679 
-1.64893 
-9.55172 
5.58797 
-0.432934 
0.907735 
0.307183 
0.175205 
-6.86056 
-5.96869 
-4.72265 
5.66922 
-6.52258 
0.940023 
-8.64045 
0.278214 
-1.29004 
-5.05938 
-0.254302 
-8.85189 
-0.696806 
-2.8815 
0.110618 
-1.0876 
7.03237 
-0.305977 
-9.90173 
-8.23496 
-0.0855376 
-9.25425 
-2.55489 
4.65361 
-3.31163 
-9.76027 
-1.41876 
-7.35249 
3.87359 
-9.22203 
-8.24288 
0.0160168 
-0.867254 
1.74867 
-2.45683 
2.55725 
-4.58874 
1.93597 
-4.14434 
-6.11183 
5.89471 
-9.56641 
0.62762 
9.28536 
-5.70858 
-0.70286 
-0.907582 
-0.482702 
-1.39929 
-2.79426 
6.83201 
1.12812 
1.53669 
-5.6572 
2.05741 
-0.517525 
0.29396 
-0.725714 
0.71466 
2.94369 
1.02895 
7.09103 
4.21388 
-9.70009 
1.78427 
-7.02927 
-0.323533 
-2.52426 
5.78101 
-9.90316 
2.05838 
3.38569 
1.48547 
-2.47767 
-9.36741 
-0.996201 
0.648146 
1.02023 
-3.8933 
-1.54282 
-5.07091 
-0.00464355 
5.1959 
-7.40116 
-3.05134 
0.591396 
-7.33119 
-5.83325 
-2.28114 
-3.75811 
-2.66438 
-1.72679 
-3.97627 
2.26814 
-6.37164 
2.89618 
5.31104 
-0.086257 
-7.50022 
-2.77635 
4.75943 
-4.29495 
-2.99298 
-7.01433 
-3.21013 
0.133078 
-1.55284 
-0.530895 
1.34832 
0.610429 
-7.08229 
-2.50897 
1.32484 
-6.86071 
-0.335058 
-0.670511 
-7.54997 
-3.72156 
-3.06579 
-2.35081 
-3.04211 
-0.360137 
4.56842 
2.4232 
0.385847 
4.88685 
0.204036 
-2.4168 
1.02672 
-5.97948 
8.19935 
0.135665 
2.82951 
7.43109 
-0.0444116 
6.44055 
-1.01555 
9.42254 
-4.66534 
3.04736 
0.146037 
5.05151 
8.9179 
-2.62627 
1.62724 
-3.97293 
-8.38161 
2.12236 
-7.69932 
1.96343 
3.54796 
0.557604 
-9.55692 
-4.78867 
0.142118 
1.45779 
-1.16189 
8.72533 
-1.23673 
-1.5955 
5.01781 
0.521209 
0.126897 
-1.43304 
-0.441944 
-1.10549 
-0.539275 
1.05258 
-2.78781 
-7.05945 
-9.90371 
1.75529 
9.85923 
-7.04389 
0.107583 
1.25866 
-0.609436 
-0.91539 
-8.76491 
-9.74294 
-1.1876 
-8.77949 
-2.2199 
-0.501079 
-0.192742 
-8.24498 
-1.42659 
1.40775 
1.24763 
2.25475 
-2.00206 
7.19097 
-1.61899 
-4.51299 
0.676003 
-1.09134 
-6.2659 
6.65012 
2.76468 
-1.36022 
-5.34491 
6.16351 
4.06013 
-1.53865 
-2.46465 
-3.71127 
-8.46828 
4.0466 
-5.20545 
-1.1332 
-6.00606 
0.642753 
2.70507 
-9.48876 
-9.27566 
-5.06599 
4.20685 
0.651118 
8.2725 
7.21865 
0.654039 
-5.01903 
-2.30909 
-1.81099 
-0.750038 
-8.16816 
5.25441 
-7.1947 
-6.77508 
0.521943 
-3.15805 
2.30446 
-9.46353 
-9.53292 
-0.0923002 
-9.4407 
-8.34212 
-1.3578 
-0.494825 
-7.69692 
-1.01435 
0.985778 
-2.88266 
7.05799 
5.26928 
-3.55288 
-8.82886 
-4.34993 
0.95564 
-0.333045 
-1.77984 
4.73886 
0.449112 
-3.90194 
-1.93929 
-1.59465 
1.89502 
0.0328715 
0.0534641 
9.37094 
5.00347 
0.697039 
-6.87451 
0.607962 
-4.52518 
-2.42386 
-2.18526 
-1.02611 
-5.8059 
-2.79029 
-4.38108 
0.710753 
4.36758 
2.03624 
-0.853555 
-3.1816 
2.7369 
-1.23167 
5.80322 
-2.8288 
-3.94667 
1.00404 
-2.91573 
-9.76637 
-0.371755 
-1.36701 
-8.75826 
-4.67742 
-7.49516 
-1.75407 
1.35674 
-0.823028 
-8.16274 
-1.3547 
-3.03542 
-9.86167 
-1.45636 
-7.16631 
-6.97267 
9.38708 
-1.66147 
-0.050645 
-0.32936 
-2.15054 
5.75298 
-1.45341 
-5.49568 
0.443592 
-1.13096 
-4.46939 
1.22344 
-0.532675 
2.78825 
1.06593 
8.48157 
5.74587 
2.55246 
-7.69236 
-5.30025 
3.74447 
-4.84625 
5.13468 
1.36525 
2.76907 
2.33509 
0.431172 
0.432271 
-3.46796 
0.047467 
-0.349209 
-6.48824 
-5.45529 
2.69039 
-0.514714 
-0.450329 
-5.57675 
1.80668 
-2.83726 
-0.843913 
-2.68362 
-3.03621 
8.70043 
2.61925 
6.04646 
8.40663 
-8.4291 
-8.41424 
0.34563 
-8.78344 
0.0632894 
0.00185022 
-9.64094 
0.872541 
1.18467 
-3.46929 
-4.95323 
1.3324 
2.85671 
-0.323011 
0.128059 
-7.35418 
4.32799 
-0.557279 
0.928495 
8.78062 
-8.87323 
-0.0713475 
-9.32979 
-4.12041 
1.28485 
6.59699 
-9.63284 
0.596324 
1.67629 
-3.43337 
4.17065 
-1.14487 
-0.0812037 
2.45658 
0.188199 
7.62162 
-5.58192 
-0.743096 
0.855793 
-2.33766 
-1.14449 
1.80904 
-0.682954 
2.30505 
-2.39069 
3.65323 
0.98609 
1.35183 
6.12787 
-4.75211 
1.2716 
1.88549 
7.95402 
0.708576 
-1.5748 
3.51063 
-3.79143 
2.541 
3.58276 
2.71225 
0.465287 
-1.54253 
-2.17525 
-7.76316 
-1.28983 
-4.32737 
3.40605 
0.551588 
-0.955024 
-0.175793 
-0.947274 
6.62827 
-2.45569 
-1.09406 
-7.15785 
-8.76632 
-2.80532 
-8.19082 
4.75582 
-0.483085 
1.48909 
-0.469389 
-5.14586 
-8.67802 
-1.87715 
1.40876 
0.359802 
-1.31014 
3.88579 
-1.44545 
-1.52002 
-1.93687 
-0.498759 
-0.85785 
0.793837 
-1.56818 
-2.65881 
-2.87924 
7.491 
1.54568 
-6.93599 
0.417159 
-4.12695 
9.79198 
1.02189 
0.335923 
2.22637 
-0.726089 
-8.91375 
-3.10066 
-7.96241 
-0.698079 
2.30068 
-1.84343 
0.526626 
-1.44128 
-1.56429 
-3.12587 
-5.6662 
-0.202334 
-3.29784 
-1.34303 
5.16237 
2.07074 
-0.81301 
0.955427 
3.94377 
4.53467 
7.55641 
3.26005 
-0.942262 
1.91201 
2.68185 
-4.2772 
-2.00723 
3.01232 
6.51592 
-0.997319 
-8.09546 
4.17138 
4.18493 
3.35786 
1.57491 
0.792312 
-0.453376 
-9.69007 
-0.76762 
4.49324 
2.21156 
1.2317 
-6.35958 
-0.498977 
0.543131 
-0.948888 
2.69987 
-7.30508 
-8.32166 
2.35168 
-6.34396 
6.82504 
1.671 
2.55438 
-2.93597 
-6.63691 
8.52909 
-8.78164 
-8.40759 
-0.433376 
0.925742 
2.29949 
-7.84291 
3.35902 
2.03036 
1.03757 
1.09412 
4.62313 
2.59488 
-9.13247 
-8.97728 
6.07311 
-7.06177 
7.72296 
-2.39635 
-1.8934 
-8.83283 
-8.74164 
-0.0111497 
-5.10329 
2.3319 
-0.245456 
-2.50762 
-1.39968 
4.46657 
-3.5561 
-9.93539 
2.43357 
-1.18319 
5.68048 
2.39874 
0.520558 
2.01204 
-4.36357 
-1.40626 
-7.30556 
-5.11424 
0.803373 
-1.4394 
-0.965178 
-8.52046 
6.6192 
1.62566 
1.34176 
1.33313 
1.61437 
-6.00933 
-6.79812 
2.04573 
-1.71542 
-7.1676 
2.29464 
-1.99071 
-0.146681 
-8.22871 
1.86991 
-6.29154 
2.04242 
-8.77973 
-0.157298 
1.04844 
-0.112363 
-7.28532 
7.78883 
-0.889943 
-1.71573 
-1.96854 
1.99342 
-1.30994 
-0.331987 
-1.45027 
3.91748 
3.30556 
8.72724 
7.36214 
1.66648 
-7.89188 
-3.28677 
1.31064 
-1.81024 
-5.41272 
1.5134 
2.70106 
1.19043 
-8.64017 
1.53804 
-3.87345 
-5.29173 
-0.76663 
-5.45941 
-0.84609 
0.0900064 
8.10324 
4.08819 
1.26321 
2.98256 
-3.24427 
2.00691 
-5.0591 
-3.16737 
6.52568 
-3.80832 
-2.30831 
-6.8906 
4.92531 
2.3481 
1.94108 
-0.0110736 
-2.47494 
-5.3042 
-2.29009 
-7.1941 
-0.526735 
1.56563 
-8.00443 
2.88367 
-1.87437 
-6.73625 
1.73266 
-0.820162 
-2.34492 
-5.69164 
-1.77759 
2.80437 
-8.58277 
4.89808 
-0.212406 
8.22403 
2.1369 
-0.341899 
0.578731 
2.25524 
-7.83554 
-3.60956 
1.45258 
0.462658 
-3.70519 
2.91894 
-0.150901 
-1.21695 
-1.0048 
-1.64983 
7.99315 
2.4799 
1.69403 
-4.31168 
-0.317833 
-7.54445 
0.253024 
-7.9225 
0.409338 
3.75239 
-6.50165 
2.85102 
-1.50997 
0.502576 
-2.54839 
-2.46078 
-5.77867 
-5.9092 
-8.47435 
-6.02737 
-5.4476 
-0.219271 
2.00643 
0.379531 
-4.67007 
-1.11739 
2.20397 
6.84727 
-3.13513 
0.140933 
3.75667 
-8.54601 
-1.12572 
2.1392 
-1.71857 
1.5993 
-5.90348 
-1.61849 
0.534573 
-0.528755 
-9.51308 
-0.768863 
-0.28342 
-1.60552 
-7.15354 
-1.16637 
3.39285 
-8.54422 
-0.0526095 
8.68162 
9.72241 
-7.06375 
-1.12867 
-4.72483 
-0.538053 
-3.72165 
4.05335 
0.12472 
-1.05564 
3.13717 
2.54732 
-1.13273 
-0.838188 
1.56735 
5.84518 
3.20715 
-2.64505 
1.02065 
-0.780795 
0.263536 
-0.0995275 
1.30825 
-4.40262 
-2.22354 
3.30672 
-0.442955 
2.76623 
-3.64759 
-3.52262 
-0.111253 
8.47756 
-4.57014 
-6.69984 
0.444375 
9.35413 
1.1492 
1.12191 
-1.49025 
9.99928 
-7.33916 
-2.00144 
0.42169 
-0.470749 
-1.51469 
2.35247 
1.90353 
-1.00548 
0.113043 
0.0644135 
-6.87178 
0.0267508 
-6.09164 
-3.84237 
0.31802 
-7.75224 
-4.66698 
2.23151 
5.92783 
4.38545 
-2.89795 
4.86187 
1.72086 
-5.96676 
-4.20434 
1.31808 
4.80781 
7.58854 
-6.69607 
3.82978 
-2.6942 
2.29971 
-0.372843 
2.91382 
8.27373 
2.01435 
-8.83069 
-3.48239 
-1.13296 
-6.82654 
-9.97209 
2.29744 
-2.36615 
-0.43955 
-8.30401 
-6.6038 
-3.36402 
-2.64703 
1.81052 
9.81271 
-3.4831 
3.18168 
4.10562 
-0.600401 
-6.1183 
-8.03943 
-0.317166 
0.838376 
3.08144 
-7.40578 
5.98141 
-1.65713 
1.92963 
-9.03106 
-2.30546 
-9.14345 
1.10731 
-8.21007 
6.39547 
1.3917 
-2.56081 
8.15922 
-4.13396 
-1.27705 
0.438293 
-7.79734 
-0.554477 
2.7706 
-6.1168 
5.22614 
-8.03812 
-7.03069 
0.757172 
-5.10533 
-6.43482 
0.250596 
-1.65373 
-9.99968 
-7.77708 
-0.0443806 
0.752708 
3.42736 
1.93144 
-3.96569 
1.01536 
-1.47408 
0.421231 
-5.55983 
1.94338 
-6.06444 
0.623942 
-6.16429 
7.09176 
2.2821 
-9.58762 
-3.65507 
-3.0617 
-2.41334 
-3.67733 
7.77197 
-0.543598 
-0.272571 
3.82044 
-0.382412 
-7.24868 
0.443574 
-3.20828 
-2.83597 
1.22148 
-0.0463955 
-5.84838 
-2.67397 
-2.39098 
-3.56893 
-0.480253 
3.95327 
0.504111 
4.20501 
-7.82696 
1.53343 
-1.2991 
4.61203 
-0.347298 
0.587587 
-0.606946 
-3.31819 
-2.88886 
-0.631466 
6.75866 
0.193447 
6.06995 
1.08459 
0.493239 
0.789406 
-0.503292 
1.7119 
-7.1907 
2.36389 
-3.5416 
-0.898858 
-4.38264 
0.673938 
-9.05155 
1.74321 
6.2565 
7.83273 
0.128773 
9.41409 
-8.8401 
-3.12192 
0.47192 
8.06768 
6.85081 
7.31096 
4.49067 
1.75449 
3.32353 
-6.66181 
-5.01844 
-6.69877 
-5.75638 
-4.40241 
-9.03257 
0.300642 
-7.28474 
9.40127 
-5.57824 
-0.650182 
-8.86845 
-8.77391 
-3.27871 
-0.142417 
1.73461 
-8.53643 
3.45025 
-2.06965 
-7.83269 
-1.10674 
4.90419 
-8.12886 
1.30538 
0.254122 
-0.65511 
-0.832153 
-7.5928 
-3.68033 
4.99906 
-5.9311 
-5.61032 
-7.53548 
-2.84263 
4.37444 
-2.35005 
1.29738 
-7.93568 
2.14639 
-7.27861 
-8.75678 
9.21776 
-1.96788 
-8.77517 
0.85747 
3.63571 
-2.57943 
-6.52433 
7.41706 
0.782184 
-7.46128 
-3.20876 
1.06208 
3.22196 
0.629003 
1.4425 
4.22464 
5.95962 
0.645087 
-0.984462 
-1.38593 
-6.91741 
2.09566 
-9.20955 
-0.532914 
9.46809 
0.660454 
-2.82044 
2.96978 
2.54095 
3.67068 
-5.8179 
4.41233 
-7.50228 
0.124667 
-7.4003 
7.51444 
-0.782284 
0.19234 
-1.61532 
-7.81862 
-9.76218 
-0.283031 
-8.54412 
-4.27277 
3.47671 
1.88143 
-8.37627 
-9.73468 
-0.296411 
-8.74769 
-8.48218 
-9.61643 
0.313682 
1.73527 
-2.18044 
6.34846 
0.430742 
-7.22265 
5.68105 
3.06555 
4.04453 
-7.87183 
0.687473 
-0.270169 
2.18829 
-9.99227 
-4.95488 
-1.11405 
-1.39778 
-1.08757 
9.20922 
-8.80006 
3.76208 
-0.0429533 
5.69888 
9.04203 
-3.53336 
0.180391 
-1.51329 
-3.35375 
5.78094 
-1.91229 
-0.538311 
3.62214 
-0.821099 
2.31568 
0.514394 
-7.69753 
-0.261029 
1.10035 
1.3179 
-0.121506 
-9.2839 
-8.1699 
-0.767775 
-6.57792 
-0.367058 
-4.61751 
-9.57332 
0.429218 
-3.47299 
-6.58664 
2.90057 
8.19765 
-0.918132 
-9.96427 
4.32857 
-0.250388 
3.22815 
-3.81566 
3.15172 
-2.60424 
7.42829 
-2.13727 
-9.10638 
-0.791009 
-1.12898 
3.49308 
4.93303 
-0.569739 
-5.99388 
-1.21902 
-0.690084 
-0.256534 
0.912522 
-0.788648 
2.50975 
7.88793 
-0.194119 
-0.257357 
-9.63398 
-3.0221 
8.02841 
-1.58682 
5.58989 
0.135151 
1.18784 
2.96406 
2.70949 
5.7781 
-0.892617 
-9.93789 
-2.67918 
-0.102857 
-0.908451 
7.01916 
0.548465 
1.39928 
3.95081 
-7.38415 
8.01833 
0.609714 
-7.89897 
-7.50378 
0.278837 
-0.823001 
-9.38801 
1.77621 
6.23478 
-1.17464 
4.95872 
1.23409 
5.75142 
1.6165 
1.51728 
-0.810247 
-9.64618 
-2.63932 
-4.52018 
2.13747 
4.16996 
-1.331 
7.20959 
9.28078 
5.83819 
-7.31427 
1.45229 
-1.13568 
-6.0627 
-9.07436 
-2.41615 
0.801869 
-0.938515 
0.0964672 
-4.31828 
1.55307 
-0.513694 
-0.110182 
-7.24425 
3.91342 
4.23324 
1.11424 
-6.82183 
-1.78281 
0.736472 
-1.63246 
-3.09007 
0.556896 
1.85371 
-3.12536 
1.36712 
1.08915 
5.41371 
6.08596 
4.35859 
2.68185 
1.66882 
-8.49177 
-1.8227 
-3.07276 
-2.10584 
0.396167 
0.975905 
0.751033 
-9.10851 
-1.59658 
3.47083 
0.660181 
1.77923 
2.18464 
7.96747 
5.42475 
-2.57522 
-1.4218 
-1.17948 
0.663268 
9.93234 
6.44048 
8.95654 
7.49518 
-1.27412 
2.51629 
1.1679 
-3.32769 
-2.42467 
-3.75219 
1.81692 
-4.68744 
-1.77675 
1.56552 
-0.380308 
-1.12392 
-0.735554 
-2.8306 
-0.0171274 
-3.70333 
-0.14084 
-0.829957 
3.58574 
3.28711 
3.19113 
-5.29712 
-0.580815 
0.436851 
4.6448 
-2.12166 
-0.230558 
-0.479403 
1.14949 
-0.0162554 
6.83027 
0.624842 
5.97355 
-0.686697 
-0.805794 
-5.18092 
-0.37689 
-2.22856 
-0.184956 
0.255647 
-8.03952 
-4.68362 
2.34227 
6.41722 
-0.135351 
-7.08706 
0.595634 
-6.04029 
4.2529 
-0.687805 
2.63306 
-3.4494 
0.0667883 
-3.48425 
2.06157 
-5.7258 
1.22077 
5.98213 
4.84464 
-6.77247 
-1.78436 
2.47427 
1.80498 
-1.13112 
-2.89847 
-8.48577 
8.62343 
-6.94359 
-2.73294 
0.425864 
-5.37868 
-1.95529 
-0.723237 
0.300763 
-0.66738 
-5.02809 
-0.707635 
5.57959 
-1.02499 
-3.76368 
-8.93304 
-6.40785 
4.00509 
-9.90198 
1.746 
9.38299 
-1.58532 
2.60422 
1.58266 
0.997668 
0.746533 
-0.43916 
2.82269 
4.24827 
-0.198928 
1.66103 
-7.71354 
2.0343 
-5.96121 
1.00094 
-8.67992 
-5.0019 
3.77443 
1.41172 
-3.7945 
-0.528833 
1.5103 
-3.37742 
-1.49118 
-0.545694 
-2.23823 
-1.54072 
-1.03141 
-0.743849 
6.75204 
5.53686 
1.8742 
-7.50102 
2.04689 
9.06389 
2.32385 
-5.08824 
-7.29628 
-2.28243 
0.711696 
1.49359 
-3.77517 
2.96971 
2.90627 
0.740715 
0.457406 
1.06615 
-5.43734 
-7.28539 
-1.04111 
-8.0152 
1.19469 
0.157592 
-2.17084 
-0.0828665 
3.07606 
-0.901618 
-9.86488 
-6.53853 
1.37321 
-8.30743 
1.40806 
-2.08173 
-0.232563 
-2.91016 
1.34668 
4.56584 
7.33861 
-2.44302 
-1.50436 
2.7726 
-2.89852 
-0.0283055 
-0.194635 
-2.89209 
-6.55224 
2.27884 
2.519 
2.8344 
0.866992 
-5.04922 
-4.49849 
5.18378 
-0.972129 
-0.964669 
0.213376 
-9.63797 
-4.61781 
4.4366 
0.071258 
-1.01905 
-0.444848 
-1.315 
3.69887 
2.15604 
-8.57815 
3.6418 
4.15973 
-1.02071 
3.4162 
7.16135 
-4.72057 
3.53499 
-5.68605 
-7.69821 
0.189263 
-0.794016 
-8.92525 
-1.50078 
-0.398529 
0.791942 
-4.59452 
1.23606 
9.35924 
4.36556 
-4.35107 
-2.98736 
-9.36111 
-3.05533 
1.44968 
-9.10187 
6.42537 
0.733202 
-0.0640683 
-8.65705 
5.41822 
-3.95652 
9.05935 
0.245666 
3.81382 
-6.76479 
-0.407569 
-8.23383 
0.219508 
-1.0046 
4.00718 
2.41877 
-0.441553 
0.672343 
3.52039 
0.312216 
9.1348 
-3.81497 
0.527173 
-2.81935 
-3.68148 
-3.5599 
-0.00887427 
8.05754 
-7.60203 
3.8901 
1.06488 
3.46668 
-7.8981 
0.487112 
9.42281 
-2.91638 
-3.5159 
-2.72433 
-2.35876 
-0.943591 
-2.53529 
1.76997 
3.42776 
7.16018 
-9.98579 
2.73477 
-4.41796 
4.80998 
-0.765942 
1.23646 
-0.913399 
2.43568 
-4.87911 
2.19127 
-6.28307 
-0.101747 
-5.09881 
0.403207 
-3.91074 
-8.14366 
2.7841 
0.744303 
3.53037 
8.67122 
0.971297 
0.27013 
-3.77187 
8.1172 
7.18953 
4.64719 
-1.44213 
-8.32813 
-1.61575 
-2.20282 
-6.7023 
-7.86764 
-2.4171 
-0.610257 
-3.10843 
4.38138 
2.36675 
0.694555 
5.40267 
1.94369 
-0.585214 
8.22109 
0.245542 
-2.94727 
1.26942 
-4.3056 
7.1303 
-0.397889 
-2.85687 
1.00845 
-4.13476 
9.56747 
2.76887 
-0.807305 
-0.204438 
-8.23943 
-1.19742 
1.92598 
1.60398 
2.24562 
-0.164206 
1.95071 
4.52214 
2.84394 
1.16172 
-2.83609 
2.47747 
-2.50538 
-0.925309 
-5.64925 
-0.385898 
-5.84554 
4.342 
1.04697 
4.36315 
3.78353 
2.67028 
-4.84845 
0.613601 
4.89866 
-6.70311 
4.65404 
-1.29265 
2.04757 
-9.96765 
-9.79357 
2.50711 
-8.89607 
-8.48876 
1.02481 
1.62843 
0.627973 
4.37429 
0.317828 
-5.80318 
-9.81353 
-3.44966 
4.3027 
-3.90872 
-1.57032 
0.442769 
-1.76792 
9.97176 
2.47151 
2.99988 
-0.694083 
0.2312 
-6.00973 
-0.414111 
-3.57913 
-0.968166 
4.83285 
-1.00048 
2.24368 
3.46995 
1.06344 
-1.77814 
1.10031 
2.20403 
1.5091 
7.26984 
3.63838 
-4.50621 
-6.98593 
1.0795 
-8.4208 
-1.62293 
-1.29524 
-6.11792 
3.62755 
-8.29555 
2.17196 
-2.30632 
2.19307 
-0.974111 
-3.72898 
4.5666 
2.93853 
-9.32352 
2.04033 
2.04083 
0.867201 
-1.06462 
-0.655334 
0.996698 
0.377448 
-0.742923 
-1.33885 
1.39177 
-4.19974 
-8.81898 
-1.45606 
9.04474 
-2.50709 
2.16087 
1.53764 
-4.68157 
-1.3017 
0.564705 
5.9527 
-4.43689 
6.85953 
-5.12147 
-9.80057 
-2.45984 
-0.544257 
9.71869 
0.621643 
-7.65028 
-5.66976 
8.7441 
3.15348 
1.55557 
4.37684 
1.39121 
1.22743 
0.981069 
-7.27038 
0.118074 
-0.97974 
-4.95933 
0.435669 
-1.78194 
3.48554 
7.19576 
1.99454 
-0.819771 
-9.58989 
0.320616 
-0.0523522 
1.69624 
3.14937 
8.87582 
-0.569303 
-2.95132 
-0.211598 
9.03877 
2.98788 
0.74776 
6.18975 
-0.116391 
9.56541 
-2.53449 
-2.61612 
1.40649 
-0.126716 
4.37177 
-3.4943 
3.39932 
7.96648 
2.34498 
3.30916 
4.54918 
7.1213 
0.896609 
3.75625 
1.80979 
8.72812 
-8.81825 
1.04512 
-4.14792 
9.18667 
4.96451 
-1.36414 
-2.3551 
-7.68836 
1.23021 
1.7669 
-1.41899 
9.9626 
-4.33261 
-2.16645 
-6.39435 
-6.22095 
1.04343 
-7.42441 
8.90195 
-1.14316 
4.83173 
2.69928 
0.17697 
8.94348 
-0.907374 
-2.98361 
1.25332 
1.29338 
-1.13736 
-4.28267 
-5.70132 
3.56773 
-7.08759 
-0.663228 
7.23834 
1.82571 
5.80764 
1.74878 
-1.41531 
1.19673 
-8.73148 
-4.63997 
-2.00577 
-4.57775 
9.89125 
-1.96915 
4.07224 
0.138622 
0.529374 
2.40587 
-2.70306 
-0.533759 
1.87366 
2.85248 
0.867668 
1.78961 
-5.66645 
-4.51363 
-0.936661 
0.598436 
-3.35536 
2.05871 
-2.50061 
-1.97637 
-7.13521 
0.217838 
0.176113 
1.83732 
-6.48088 
-5.98874 
4.7467 
1.95525 
-3.31101 
1.5305 
0.184264 
-0.326616 
2.72381 
-4.34203 
-1.55509 
2.5364 
-0.709993 
-3.07158 
9.08978 
2.96483 
-0.371634 
-6.08046 
-2.86926 
-9.03504 
5.21811 
0.386199 
3.91086 
-5.17242 
-5.56315 
0.62104 
4.26349 
-0.681227 
5.18774 
-4.69541 
-9.65184 
1.3822 
-4.11697 
-0.578949 
-3.64367 
-1.23879 
-9.62229 
-0.381065 
5.02018 
-8.50362 
-3.40711 
7.00004 
-6.65005 
2.30846 
-0.830776 
3.33092 
-3.74099 
7.6254 
-4.97829 
-0.558735 
6.70568 
-5.11441 
-3.43164 
-8.94017 
-0.0956745 
-7.88797 
1.35604 
-8.82358 
-2.15545 
-1.85723 
-2.41216 
2.84086 
-9.43195 
0.872601 
2.88333 
-3.15115 
0.648626 
-1.46112 
1.32705 
-8.83121 
-1.35402 
0.12926 
-1.29616 
-0.653984 
5.17311 
-8.50176 
-0.433555 
1.96078 
3.78394 
2.57159 
-0.701066 
0.848134 
-1.87577 
-6.9958 
-0.400435 
-2.26362 
-4.11689 
-1.84163 
-2.52291 
-7.32562 
-0.300542 
-0.68569 
-7.04143 
0.860113 
-2.52263 
-5.31209 
-5.29833 
-3.01115 
-1.60503 
-9.0691 
3.87337 
1.98039 
1.28676 
3.91572 
-7.5979 
0.901717 
2.0981 
0.226352 
-6.44124 
4.50725 
-3.15411 
1.89414 
-9.27885 
8.83177 
4.00564 
1.30504 
-1.80854 
6.15414 
-4.75676 
-4.9616 
-0.974021 
-7.64739 
3.53468 
-1.75592 
1.64727 
-0.896067 
-0.520252 
0.207336 
-2.17552 
-2.18165 
-6.06824 
-7.93449 
-2.49176 
-8.69207 
7.87361 
-0.40285 
3.7639 
-1.81233 
-5.09688 
-4.50717 
3.32597 
5.93168 
2.4461 
0.996318 
-0.566826 
-5.5869 
4.86622 
-8.16495 
0.105888 
3.21928 
1.26852 
-9.82508 
-5.91122 
-3.03447 
-0.83545 
0.330597 
-4.60696 
-0.0479248 
-9.14049 
0.896011 
1.27804 
-1.67841 
1.94807 
1.39624 
1.66973 
4.42217 
-8.19254 
-0.904429 
-0.0137301 
-1.55299 
4.80538 
-9.61471 
-4.35671 
1.07178 
5.08913 
2.44354 
-9.08085 
-2.41174 
2.25854 
0.752719 
1.05744 
-4.77023 
-0.713737 
-1.58968 
4.40359 
2.97895 
1.14864 
6.80738 
-0.58329 
1.42423 
-0.133894 
1.66386 
5.12828 
-0.670118 
-3.18644 
-3.94748 
-0.55369 
0.353535 
-3.40829 
1.08704 
-0.336859 
0.00705024 
5.04886 
-6.82056 
-0.500108 
-9.35551 
-1.85547 
3.66384 
-7.01437 
2.11975 
0.92557 
-0.555139 
-8.68512 
8.17555 
-9.12934 
4.57356 
5.84901 
2.43794 
0.282339 
0.11939 
2.51816 
0.456246 
-3.54314 
-4.21861 
-1.44326 
-1.48277 
-4.9065 
-7.98169 
5.8969 
-7.27491 
5.96651 
1.87344 
-2.43267 
0.848779 
-3.23252 
4.59838 
-2.48266 
1.67329 
-0.998662 
-1.87895 
0.667409 
-3.11453 
-2.64566 
1.35393 
-7.06497 
3.09138 
-0.241091 
4.61429 
-3.14769 
8.52415 
-8.23013 
4.80115 
8.45419 
-4.62998 
-2.85285 
0.995881 
-8.08685 
0.303849 
-6.505 
1.86255 
5.04313 
-4.71801 
6.01276 
4.15798 
0.699927 
3.80106 
-6.20839 
-3.72993 
6.03279 
0.417097 
-4.31446 
-0.330976 
-5.478 
1.70501 
-9.9635 
-8.16975 
0.597254 
-8.21193 
-3.51637 
1.43011 
2.82017 
1.67422 
-9.60797 
-5.39651 
0.287598 
0.314522 
-7.94252 
-2.9223 
5.92843 
2.28617 
0.975322 
-0.775155 
-2.05138 
-4.63876 
-8.69643 
4.53008 
8.71597 
1.41192 
-2.1919 
-1.54545 
0.00646406 
-8.3899 
4.52752 
-2.98473 
-0.093931 
-3.97939 
-3.82235 
-3.31917 
-5.81015 
-2.40813 
-4.03173 
-1.16362 
-0.732234 
-5.31584 
-5.25122 
-7.83166 
-7.69441 
3.63678 
-0.700799 
-8.27666 
-0.412665 
-1.20698 
-5.48281 
-1.63012 
-0.211382 
-1.54448 
1.94517 
-6.24611 
-2.65418 
-0.81935 
5.502 
0.53828 
3.1012 
4.6973 
-3.61724 
0.333635 
-2.24353 
-0.688746 
1.23773 
7.48351 
5.15243 
-0.60885 
-3.61415 
-2.45079 
-2.69365 
2.32089 
4.25914 
2.7298 
1.69838 
2.28394 
9.2566 
1.80598 
3.21246 
3.4753 
-5.12476 
-1.51018 
1.38189 
2.42729 
1.70136 
3.98392 
3.89146 
-2.75872 
4.07444 
-8.88264 
2.16779 
7.56394 
-2.78389 
2.85202 
0.0224679 
-7.52441 
-0.430426 
-0.653553 
-1.94601 
-1.95405 
9.00204 
-0.311252 
-9.09519 
-1.2189 
-0.0265601 
-0.233937 
1.57754 
1.56443 
-5.63612 
-4.0221 
2.98349 
-9.73797 
1.8686 
-3.08122 
2.14263 
0.114266 
1.54357 
-7.86313 
0.297421 
0.217954 
0.63218 
5.10296 
0.529781 
8.58272 
-0.71781 
-5.23129 
3.0939 
-3.28859 
-2.77496 
3.47612 
-0.534761 
-3.59745 
-1.02287 
1.02204 
-2.63468 
1.95064 
-5.60582 
1.39615 
1.96932 
-0.586897 
-4.17491 
9.03036 
1.11975 
0.756141 
2.23213 
1.20135 
-7.3831 
-5.48477 
3.58223 
-0.861444 
-8.79366 
-5.90311 
2.42639 
1.06801 
-3.16803 
1.10683 
-6.59688 
-1.29236 
5.46747 
4.12957 
2.56475 
0.113814 
-5.1806 
-2.071 
1.57292 
-0.672664 
-5.85619 
-1.33109 
-0.365569 
-9.28447 
0.22292 
-2.10771 
-4.06753 
-6.63965 
-4.65601 
-7.47132 
1.97805 
-0.201487 
-4.56565 
2.10653 
-8.55469 
2.39336 
-9.19258 
8.65552 
-7.07621 
-0.744078 
1.36384 
-6.17711 
1.41367 
1.49217 
-8.14062 
0.835895 
0.531437 
4.33505 
-9.7971 
0.453598 
2.29341 
-0.770871 
5.84976 
2.5906 
-0.199803 
-8.03865 
-8.81469 
6.07026 
-6.39897 
-2.87826 
0.799878 
1.56421 
-9.11794 
2.07362 
6.03432 
1.42284 
-0.992488 
5.8086 
5.841 
3.43303 
-6.00731 
-8.52665 
-9.69307 
2.01124 
0.565708 
0.92094 
1.68258 
3.62689 
1.14326 
-0.974878 
-8.68156 
-1.75823 
-4.58569 
-4.05784 
2.78257 
4.31433 
1.10773 
1.09476 
-0.603197 
-0.518298 
-3.36865 
-2.7319 
-0.556964 
-8.47993 
2.53964 
-6.61859 
2.17775 
-8.98385 
-4.98778 
0.555697 
-8.14837 
-3.32751 
-2.00803 
7.44407 
0.494045 
0.272364 
5.32865 
3.40434 
-7.85384 
0.684384 
-3.84385 
-9.52632 
-5.92931 
-0.52902 
-1.09044 
-1.62215 
6.04699 
0.649191 
-2.4616 
-5.94595 
7.19046 
-4.19634 
-0.372858 
-0.0700091 
-2.60094 
-5.30743 
-2.0303 
-2.80876 
-0.851114 
-1.02702 
-2.4789 
-1.76857 
2.34762 
-2.75621 
-3.06568 
-9.8416 
8.23326 
2.09712 
0.870265 
-2.06235 
-1.08451 
-5.64933 
1.54269 
1.20807 
3.85077 
-1.25507 
1.18669 
-0.250696 
1.99374 
1.32525 
-0.497095 
0.370257 
-2.17325 
0.235879 
0.892518 
2.63845 
-1.38071 
-1.49191 
-8.88886 
-5.54559 
8.37748 
4.10851 
-2.07646 
1.93885 
-1.05618 
-0.607652 
3.79145 
-5.11754 
6.038 
-3.75047 
-0.65988 
-7.17622 
0.046609 
3.40376 
-7.18232 
-4.65257 
-0.726121 
-1.58438 
-4.19804 
-3.32896 
0.396154 
4.53384 
-0.197839 
-4.45005 
-2.7324 
-0.545436 
2.2994 
3.4802 
-0.407148 
-1.76537 
6.3991 
-3.59542 
2.81383 
-5.71734 
8.32789 
8.67837 
-7.37843 
-2.6526 
-1.14456 
0.306946 
1.2861 
-0.134741 
-7.78431 
-4.10364 
2.96813 
1.85649 
1.4428 
7.29393 
1.7698 
-0.685753 
1.91252 
-0.790847 
5.41553 
8.42674 
5.8702 
2.47323 
-0.242075 
-1.22208 
2.33531 
1.40438 
0.787149 
1.65216 
7.16 
0.122888 
0.138185 
-0.733697 
-0.255488 
2.10039 
-2.44349 
0.166052 
-2.49528 
3.82461 
0.655068 
-0.578426 
-5.91166 
4.537 
5.40883 
-2.90689 
-0.819834 
-6.53407 
-5.9851 
5.87364 
-8.50787 
-1.61206 
1.61322 
0.532427 
3.19408 
0.861591 
4.36315 
2.46788 
2.89474 
3.70299 
-1.69733 
0.347119 
-3.74391 
2.34414 
-4.035 
-8.85794 
-1.94434 
7.05817 
4.56638 
-7.5117 
-5.62604 
-8.77936 
-4.01825 
-1.0963 
0.091809 
-2.21812 
-5.41159 
2.28056 
-1.46742 
1.33595 
0.498916 
-2.51774 
2.44708 
3.9208 
-7.50701 
-2.69095 
2.53191 
-3.20256 
-0.404292 
-9.78398 
-0.813782 
0.404873 
-1.75659 
-5.79822 
-4.58205 
7.02421 
-0.773817 
-1.45432 
-2.95246 
-6.90495 
-9.70967 
2.27686 
-4.43603 
-3.65198 
-8.81482 
2.72791 
6.08074 
-0.828305 
-7.83027 
-0.102355 
3.01202 
-7.36475 
-3.29118 
1.17189 
0.814751 
-4.85279 
-0.0830167 
-2.63614 
0.929637 
3.77046 
0.303102 
-5.01806 
3.59198 
0.861401 
-0.450692 
1.43931 
1.68677 
0.73136 
4.89322 
-1.52966 
0.870023 
-1.41028 
3.00209 
0.626152 
-1.702 
-0.961366 
-1.05629 
0.986855 
7.18314 
-6.32993 
0.931145 
5.70386 
-2.58262 
-9.48362 
2.87571 
3.63763 
-0.94964 
-9.50461 
1.73412 
-5.0611 
-6.22705 
0.496184 
8.22495 
-0.471499 
0.448151 
5.89713 
3.505 
-3.76142 
-7.15847 
0.600205 
-0.0430272 
7.335 
0.954682 
1.3148 
-4.62551 
3.57569 
2.24641 
0.443371 
5.96335 
4.40794 
-0.844106 
5.42071 
1.30415 
-6.45021 
-6.61726 
-4.78197 
-0.142653 
0.0790235 
7.34547 
-2.89866 
-1.00675 
-1.38681 
-3.80251 
2.11192 
-0.238522 
-3.52751 
-0.0367244 
2.50805 
-1.03206 
3.74438 
-3.28727 
-8.22664 
2.35052 
-3.0391 
-9.71416 
2.16573 
-5.28906 
-1.53997 
2.21699 
-9.72299 
4.29274 
-1.57874 
-4.48464 
-5.19908 
-4.88062 
-1.68162 
-0.58972 
1.92415 
-1.8304 
5.14517 
-5.93345 
-5.62081 
-0.74857 
2.03133 
1.17942 
-7.13852 
-0.619498 
0.588348 
-8.48212 
0.1513 
-2.22968 
0.878451 
-7.3988 
-4.40353 
7.9731 
-9.69253 
9.98751 
-3.00237 
0.280929 
-1.72611 
4.6271 
-4.71056 
1.38987 
1.72534 
0.586336 
0.022765 
8.33007 
6.82917 
-6.85474 
0.0736668 
-4.72664 
-1.29726 
-0.427376 
1.87706 
2.43897 
0.866543 
-1.04785 
-0.81213 
-0.249865 
1.35517 
-8.03501 
1.68051 
1.25037 
-3.51562 
2.10359 
-0.160586 
2.59277 
-0.00817987 
-1.10351 
0.126049 
9.60681 
-0.629768 
0.505048 
-2.9142 
0.261624 
0.925843 
1.31133 
0.825592 
9.88342 
-0.694466 
0.23651 
-3.18566 
0.253781 
-6.46088 
3.40734 
-6.03926 
4.85688 
-4.91051 
-2.85622 
-9.34438 
0.632841 
0.714465 
3.17178 
-1.52347 
-0.215304 
-0.986896 
-0.870272 
-8.29176 
-6.02406 
2.59601 
-6.09263 
-0.782428 
2.03402 
-0.481538 
2.55044 
3.84793 
2.11628 
3.46447 
9.8186 
1.34963 
-1.54295 
-3.14833 
5.84271 
-6.44672 
-1.24267 
-4.33746 
1.34283 
-2.52515 
-9.47491 
-8.78181 
1.33643 
3.51415 
1.95812 
2.3306 
1.37979 
-2.797 
2.41639 
-9.25983 
-3.38251 
-2.40689 
-6.38177 
-4.98454 
2.42036 
1.60381 
-1.33094 
-1.90547 
-2.82492 
-0.755231 
5.16318 
-7.07814 
-8.04087 
4.51002 
2.8865 
-5.33283 
9.94582 
1.11005 
-4.77418 
1.5619 
7.48117 
-3.40921 
4.09705 
0.337589 
-5.32503 
-2.34153 
8.33656 
2.30674 
1.16852 
8.98616 
7.07187 
2.85014 
7.47302 
6.38412 
0.078732 
4.9348 
-3.03026 
4.78229 
4.25002 
-2.64705 
-7.44442 
-6.68723 
0.952626 
-4.1478 
-6.67358 
-0.645797 
8.04437 
4.80282 
6.11288 
-1.31346 
-0.72193 
-8.78019 
-1.34025 
-0.467087 
-0.313943 
-4.28241 
0.276865 
0.209173 
1.64143 
5.07609 
5.34249 
7.07416 
3.42285 
-4.31542 
6.37914 
8.9912 
-9.69882 
9.63751 
0.633141 
0.473451 
0.950578 
0.660918 
-0.582119 
0.339446 
-2.78451 
3.86354 
-0.371454 
-0.30302 
6.68202 
-2.69938 
-2.04875 
0.587486 
1.47871 
-2.72579 
-0.205972 
9.91947 
2.25715 
1.85981 
1.75825 
6.09673 
0.877681 
0.340792 
-0.525472 
-3.26138 
-1.92487 
-1.71721 
-1.93968 
-3.24862 
-5.13975 
-0.790111 
-2.69795 
8.73332 
5.92853 
-2.80791 
9.22203 
-0.904756 
8.73691 
-2.63509 
1.45131 
3.68306 
1.97795 
-7.51117 
0.272119 
-1.00545 
5.45053 
-4.68623 
3.05728 
-0.429942 
-1.32592 
1.95915 
-2.37241 
2.54152 
-2.82032 
3.15603 
-8.28399 
-5.87555 
9.21752 
-5.78114 
0.99661 
0.58742 
1.10887 
0.541719 
1.95626 
1.78555 
2.21167 
-0.955527 
1.04946 
0.458646 
-0.988768 
3.02816 
4.15327 
-0.905259 
-1.21693 
-3.34259 
1.85328 
1.48223 
3.46305 
0.350113 
2.63937 
6.14214 
1.93152 
2.47238 
3.58926 
1.57839 
-0.429792 
0.44799 
-1.74707 
0.770206 
-7.91784 
1.12945 
-9.37774 
-2.21635 
-0.164403 
1.09622 
3.25387 
-1.79042 
2.56601 
-1.65026 
9.41719 
-1.64942 
-0.0318029 
-1.59257 
1.9855 
1.05168 
-4.6201 
-6.12355 
3.88103 
-6.42145 
4.09811 
-0.665715 
1.69704 
-7.29228 
2.71792 
7.19215 
-9.49435 
1.88029 
1.79597 
7.61287 
-5.12255 
5.56939 
-3.61525 
0.21849 
-0.566769 
1.26928 
-3.40564 
-5.49811 
8.44528 
1.33775 
3.42803 
1.06181 
-0.111626 
5.54318 
-8.38114 
-1.23158 
-0.77771 
-6.9091 
-7.43426 
-1.67398 
4.56035 
1.98794 
-7.26589 
1.60778 
-4.35949 
-3.54225 
2.07243 
1.78529 
-3.48026 
9.13468 
9.46177 
4.57934 
1.28177 
-1.22934 
0.478525 
1.68955 
1.02912 
0.803996 
5.4346 
-1.06843 
3.41515 
-1.22616 
-2.03773 
1.42322 
0.243151 
-1.70479 
3.2256 
2.41498 
-6.37235 
0.994962 
-3.07963 
8.51306 
-5.40659 
3.79227 
6.35038 
-9.74387 
2.18102 
-1.28905 
-4.72875 
1.68141 
0.281183 
-7.31662 
-1.86432 
-2.6817 
2.2371 
1.06038 
-7.98668 
6.3508 
5.17743 
1.38018 
6.13767 
8.83921 
5.67014 
-1.06724 
-0.837232 
-6.01944 
-9.6052 
-9.80863 
6.00337 
-9.22444 
0.860801 
-0.559281 
-8.21925 
1.80918 
1.9817 
-1.39219 
0.874534 
-6.64735 
1.06068 
-0.801536 
-0.0614108 
-7.45729 
1.31384 
-9.10419 
-6.72638 
-8.28459 
1.99075 
-1.2296 
0.5745 
2.26436 
0.657884 
0.204504 
-0.00143912 
-2.14804 
-9.14261 
0.087897 
8.5099 
-0.222488 
7.74815 
-2.32796 
3.84081 
2.18893 
-3.95438 
-1.13942 
7.78402 
1.6836 
-3.68884 
0.274467 
-2.75833 
-2.01137 
6.43523 
-2.90598 
-0.350591 
0.57761 
-4.78403 
3.16291 
-0.320231 
-5.85237 
-0.292611 
-2.9911 
-2.80749 
-4.46638 
1.1401 
-8.80544 
-5.56667 
2.72853 
1.66394 
-0.603434 
3.52273 
-0.259853 
9.0338 
3.44917 
0.793351 
-3.94825 
-0.375567 
0.517704 
6.46647 
3.17767 
-4.84014 
6.0474 
-9.75863 
-3.17845 
-3.25799 
0.215285 
4.01736 
-3.83897 
-8.38828 
-1.21422 
3.47124 
-2.66348 
-0.801498 
-0.210874 
4.76333 
-3.07723 
-1.33027 
-5.00869 
1.59693 
-1.33075 
-5.29088 
-8.14469 
1.51359 
-1.45021 
4.50931 
8.36298 
9.91643 
5.33544 
-8.93502 
-6.92712 
-3.06659 
0.407552 
2.59757 
-2.55638 
2.02423 
-1.14133 
6.06196 
-9.85838 
3.88648 
-8.36671 
3.91648 
-2.70421 
-1.53155 
0.280418 
3.86673 
-9.4083 
0.815736 
2.22941 
-3.80286 
-2.57714 
0.699027 
-0.92818 
-2.53227 
7.05241 
-7.71706 
-1.28041 
1.14145 
-0.979321 
-5.9549 
1.69907 
-9.59855 
-1.32367 
-5.58046 
7.1998 
-3.6413 
-1.77361 
1.00148 
1.81347 
1.52837 
-5.55296 
0.0751389 
-1.7686 
-8.24731 
3.52602 
1.78769 
-9.02059 
-1.67747 
2.46579 
6.84041 
0.76712 
1.58104 
-9.84432 
-6.9518 
1.01347 
-0.26528 
-0.52126 
7.9418 
2.69402 
4.40365 
1.26039 
-5.30584 
1.62645 
2.4367 
1.89849 
-2.98281 
-1.71827 
-1.30221 
3.44451 
-2.83485 
0.0817702 
-5.56351 
-7.1068 
2.14752 
-4.50595 
-9.58011 
-5.02618 
3.35937 
2.08091 
-2.10141 
-0.368497 
-1.26499 
6.36763 
5.08816 
0.648007 
-5.45135 
7.20789 
0.787663 
-2.27969 
-5.91805 
4.86162 
-2.03952 
1.21337 
-7.40109 
-6.09331 
-6.95084 
1.45754 
0.123743 
-6.76966 
-5.1695 
4.13534 
-0.74173 
-0.728163 
4.41563 
-1.86057 
-4.6456 
-9.57203 
-3.46292 
9.03921 
-8.6717 
-8.29054 
-7.47053 
-0.612075 
-6.56547 
0.923119 
-3.71304 
-3.00552 
-4.03454 
-1.79006 
3.98947 
-0.887319 
-1.04133 
-1.24704 
-6.74169 
-0.329591 
6.34393 
1.56364 
2.51403 
6.08242 
1.68513 
3.45762 
-1.87896 
-0.257134 
-1.97085 
-2.40634 
0.0316272 
-8.94678 
0.620676 
1.62698 
-6.26141 
-2.7326 
1.67615 
-3.69215 
-0.748238 
8.08686 
-0.855379 
-7.47005 
1.9495 
2.36264 
-3.5391 
0.702378 
0.178598 
-0.654856 
-0.401415 
3.14993 
1.38317 
3.24053 
-4.85837 
2.04985 
-7.03703 
1.53539 
-6.55454 
3.48208 
1.30959 
-8.11271 
-1.80871 
1.53909 
0.760924 
3.46243 
-1.64083 
1.23829 
2.43795 
2.70939 
-4.13073 
-4.93047 
-1.14323 
-1.88469 
-2.17668 
-2.2318 
1.64615 
-1.54406 
9.68027 
-0.143553 
-0.187049 
-1.97733 
-8.03708 
-3.83683 
-3.64238 
-3.21891 
0.941312 
2.42688 
-7.6409 
3.01454 
-8.02343 
-1.44643 
2.05575 
-6.86583 
-4.31799 
-1.83765 
-0.282314 
-0.0474721 
-0.696537 
4.91997 
-0.470893 
-1.48986 
-1.36426 
8.06803 
2.28606 
4.6689 
9.15012 
9.92339 
-0.476045 
-0.0922241 
-6.71986 
-4.01162 
-3.70649 
0.423584 
7.71906 
-2.78309 
-6.00381 
-1.0634 
2.38543 
1.00915 
-1.77558 
-2.80903 
1.70239 
1.50216 
-0.394087 
-4.40788 
-3.27759 
0.384256 
2.32457 
1.50509 
-7.02506 
0.340754 
-0.183879 
1.69809 
1.65909 
1.60489 
-5.49844 
-4.21346 
1.0859 
-6.96852 
-2.62773 
-2.71518 
3.24772 
4.45491 
1.54632 
2.21587 
-2.93652 
-9.52281 
-5.57548 
-1.88254 
-6.76956 
-8.9604 
0.783755 
0.387791 
-4.7921 
7.36822 
-8.22113 
-3.41769 
-0.327354 
-2.06311 
-5.06613 
3.07568 
2.10418 
1.49931 
-1.48234 
1.52715 
4.08292 
4.66064 
2.97321 
-0.292698 
4.18107 
-2.23603 
-2.83398 
-0.614962 
3.72893 
-3.06486 
-5.05625 
-0.886695 
2.64733 
-0.919709 
0.653247 
0.906081 
3.5129 
-2.84013 
-0.591548 
5.26382 
-9.8178 
-0.654447 
9.57736 
3.90668 
-0.366255 
-2.30134 
3.42716 
4.68383 
1.46555 
3.21258 
-0.975623 
7.52279 
6.41122 
8.06623 
-9.64027 
2.70219 
1.03861 
0.649748 
1.92975 
5.65475 
-1.10227 
5.24361 
-2.79195 
-0.933344 
0.384324 
1.95191 
0.261313 
3.0114 
0.690248 
1.83432 
4.94155 
-1.49016 
0.92451 
-2.27197 
1.77679 
-0.0127938 
-8.38483 
-0.59083 
-0.0222318 
-0.881267 
6.10206 
-1.91171 
-3.38233 
-3.94289 
-4.29531 
-0.97275 
-7.88135 
9.50769 
1.61354 
2.94975 
0.321264 
-2.73708 
2.53013 
0.692171 
-0.0652233 
-6.41493 
-0.378735 
2.76562 
-0.465575 
-1.08704 
-7.29495 
-9.64167 
1.89909 
-9.80645 
-6.13331 
0.0935813 
0.566388 
2.72479 
-1.38401 
2.1661 
2.56431 
7.77802 
-3.41795 
-2.40227 
-6.24211 
9.23775 
3.64761 
-4.71796 
1.94567 
1.94172 
0.330475 
1.35626 
3.47171 
0.202589 
-7.26468 
-8.04226 
3.90367 
-9.42509 
0.0881661 
6.76734 
0.407524 
-3.97267 
0.505249 
-1.75752 
-7.62405 
3.00742 
-8.6942 
1.83504 
1.91681 
-0.568121 
-7.23196 
0.583733 
2.45886 
0.711032 
-8.63876 
-2.9075 
5.52164 
-4.71266 
4.1039 
2.66009 
-8.45075 
-2.53519 
5.44174 
5.81422 
-5.09548 
-3.31735 
-8.05377 
-0.760256 
-4.24706 
0.421424 
-0.132602 
-4.91241 
2.37784 
-1.00887 
2.33493 
4.91134 
2.10418 
2.86972 
0.383493 
5.05872 
-4.56151 
0.594112 
-6.98658 
-7.14681 
-0.170479 
-8.59661 
7.94769 
-0.469389 
-1.34388 
-0.478083 
2.57646 
-7.07846 
0.659578 
0.323492 
-8.6123 
1.61212 
1.14788 
-3.47309 
-0.645303 
-7.79012 
-4.04495 
-3.77517 
-4.04 
-1.58416 
-0.0733335 
1.10758 
-0.954347 
-5.98807 
0.768481 
-0.0091004 
-0.512677 
0.443665 
-5.50023 
3.75983 
-7.09469 
9.73368 
4.01423 
-3.22543 
8.39418 
2.75319 
3.37322 
-0.755381 
-0.791319 
-0.617531 
-8.51126 
-7.07616 
4.82543 
4.00751 
-5.86115 
-3.29923 
-7.6919 
-5.39094 
-0.11717 
3.03304 
0.991844 
-1.08582 
7.96696 
-5.3905 
-2.31238 
0.229729 
2.4668 
-1.82683 
-6.01657 
-1.00005 
-8.93644 
3.44665 
0.548963 
7.30646 
-7.29267 
1.06146 
0.594703 
1.15241 
-3.60918 
-1.63461 
-0.407012 
-1.87062 
6.73954 
3.78701 
-1.62316 
0.976874 
-5.59257 
-1.00897 
-5.37868 
-0.486078 
-5.27999 
3.76015 
2.08064 
-7.13926 
2.63732 
4.44283 
-3.37742 
-7.92544 
0.176069 
2.32488 
-5.81507 
8.05814 
-9.11206 
3.8016 
-2.54277 
0.80224 
-1.22575 
-2.20504 
-2.08669 
-4.5175 
-1.94958 
4.13008 
1.61388 
7.11119 
-5.72938 
5.60403 
-6.92972 
-2.53456 
-1.26289 
-4.52878 
0.0295538 
-6.30356 
-0.271772 
-4.83703 
-5.56934 
-1.06471 
-1.45608 
-0.901872 
-2.55775 
1.28407 
-4.29156 
0.877684 
-0.482053 
4.47585 
-0.331241 
-0.341227 
2.89087 
-0.292321 
-0.903017 
5.22345 
0.31377 
-2.5603 
2.29805 
-6.30085 
1.10439 
8.58112 
-4.24288 
2.14551 
7.95849 
4.78347 
-5.27106 
2.39638 
-1.36016 
0.0147309 
-2.71483 
-4.57756 
-5.25068 
8.61068 
-0.904004 
-5.15445 
0.416956 
-3.48772 
-4.93863 
2.24081 
2.43376 
0.755912 
-3.92016 
1.00228 
-6.81533 
-1.05768 
-8.96916 
-8.05027 
9.72413 
-7.58676 
-8.04116 
-4.53988 
-1.42415 
1.37135 
1.63572 
-1.51511 
-6.1769 
9.00934 
-1.54005 
0.693272 
-6.44758 
3.95423 
1.72903 
2.87074 
4.41987 
3.71139 
-0.461572 
-3.75995 
-0.11905 
-0.548505 
-8.98494 
7.6025 
-4.39103 
9.78229 
-0.439138 
-2.68087 
0.356877 
-6.20301 
-3.66924 
1.99673 
-9.24685 
-3.31257 
-4.4739 
0.35159 
-9.95814 
3.38296 
5.59659 
-9.41185 
-3.86726 
-5.97231 
0.461414 
-1.99238 
0.500583 
1.06658 
1.32958 
-7.52045 
-8.67202 
-8.66311 
7.2579 
1.38963 
-0.410674 
1.14166 
-2.80872 
-5.76402 
-0.218593 
2.75694 
2.52752 
2.17863 
3.01788 
-3.67465 
2.72719 
3.3148 
3.41366 
-1.45149 
-9.77753 
6.73988 
3.49546 
-6.61496 
1.09817 
-5.97287 
0.149754 
-9.74394 
2.46426 
2.18672 
-4.54811 
-0.783538 
-1.03299 
-2.19598 
2.93348 
1.68449 
5.97841 
0.142251 
0.965099 
2.40653 
-3.33131 
-3.27219 
-2.36508 
3.38737 
-3.12838 
4.04429 
1.38908 
-3.38756 
-0.100448 
2.49027 
0.283639 
-5.5481 
-2.2245 
1.19152 
-2.95612 
-6.86506 
1.75507 
2.01494 
-1.27751 
-2.98647 
0.774579 
1.49274 
-4.33799 
-1.40421 
-4.56784 
-7.19022 
3.68444 
-2.94748 
-5.31427 
-6.86747 
2.4187 
-7.48052 
1.35133 
-1.5303 
-7.11698 
8.86981 
0.562505 
-4.11004 
-2.88557 
-0.754531 
-5.84735 
0.949977 
-5.28629 
3.10964 
0.648338 
1.46753 
-5.91519 
-8.43027 
-1.56485 
8.70035 
-6.3219 
-8.06306 
-4.9481 
0.252307 
4.36205 
3.80005 
-8.488 
-3.51784 
1.52096 
-1.1035 
0.965275 
-8.92016 
3.13214 
8.46466 
-0.347584 
1.77914 
1.01462 
3.25342 
3.02091 
2.15319 
0.607806 
-5.06192 
-3.24597 
-2.44738 
-0.238142 
-6.56264 
7.11079 
2.19706 
-0.56341 
1.84739 
-3.90449 
-3.08274 
1.7006 
3.6132 
0.746415 
3.60453 
0.304413 
1.56409 
0.0335028 
9.62465 
0.873464 
-3.1294 
-3.47968 
1.63314 
5.10594 
0.129149 
2.0269 
7.65564 
-9.01051 
0.606552 
-9.72034 
2.17783 
-0.0719944 
2.49214 
-0.163448 
3.12898 
0.896175 
-1.64221 
-3.06219 
-2.50476 
-1.21736 
-3.14572 
-9.88018 
3.30192 
6.69601 
-4.63465 
-9.85757 
-8.14103 
-4.99583 
1.9642 
-2.85925 
1.4548 
1.09402 
-0.456348 
2.58707 
1.88848 
2.70681 
5.19747 
-0.53966 
4.16773 
-0.0697164 
1.73848 
7.26294 
-7.08352 
-0.94552 
0.565155 
-9.55134 
4.92064 
9.77476 
-4.15273 
-8.31567 
-1.70194 
-3.75394 
-5.19493 
-3.89055 
3.6381 
-1.84415 
3.58571 
4.84642 
1.57107 
-0.0250665 
5.27906 
1.23276 
-2.08598 
-1.33779 
-1.42746 
3.19441 
-0.898348 
-7.97322 
-3.25109 
-8.6026 
-8.08086 
-4.7364 
-5.68409 
-4.90877 
1.62943 
-1.64069 
-6.89377 
0.0224408 
-1.85905 
1.13275 
0.136893 
-0.197759 
-0.906044 
9.61349 
1.68373 
2.14296 
9.20952 
-2.26614 
2.28352 
-0.516974 
-2.15021 
-6.78032 
-1.08675 
2.28391 
-3.44982 
-8.15947 
7.76095 
-4.69895 
-3.71639 
3.30549 
6.1116 
4.65975 
-0.193276 
-0.804405 
-0.718433 
0.288541 
-9.31758 
1.52229 
-3.37991 
-1.66218 
-1.67788 
-1.0464 
5.94171 
0.737131 
0.224704 
-7.13506 
-5.29854 
1.54771 
0.547926 
-0.992664 
-4.84664 
2.10252 
-2.31776 
5.73131 
3.94459 
1.49861 
-3.44716 
-5.45759 
-1.04081 
-0.657864 
-1.06833 
1.23279 
-9.49865 
-9.40505 
2.89181 
2.06593 
2.10729 
-8.33307 
0.845276 
7.11416 
-0.885438 
-2.56493 
7.84595 
1.20755 
-2.15235 
6.80461 
-0.115233 
5.41535 
-3.81559 
-1.04877 
3.81368 
-3.53924 
5.58587 
0.608581 
-5.88169 
-1.5456 
-3.55061 
2.04217 
-2.14948 
-0.804744 
3.93252 
-9.185 
4.80601 
-6.80471 
3.47706 
1.92909 
2.94472 
4.45205 
-7.84075 
-0.889026 
7.53024 
-0.970403 
-0.0422443 
0.967445 
-0.127394 
-3.72844 
-8.42858 
-6.54028 
2.57869 
-2.82739 
1.08983 
-1.05618 
8.19194 
-0.82531 
-5.28348 
-7.73166 
5.42015 
-3.50826 
8.69961 
-4.18533 
-2.23116 
2.6863 
1.39048 
1.21626 
-6.17308 
-4.82206 
-7.41509 
-6.93979 
3.08533 
-0.409159 
-0.146494 
-6.49852 
-4.94881 
-1.40785 
2.7978 
-8.54441 
1.5341 
0.930848 
-1.40272 
-1.28948 
-1.93002 
3.35693 
7.62519 
-7.3616 
0.873494 
-9.36607 
1.15809 
-1.96708 
-0.986558 
0.112243 
0.823598 
-2.19012 
2.37726 
6.57522 
0.345514 
6.31195 
0.557955 
5.85591 
-5.61239 
-0.0961837 
6.27163 
3.53391 
0.290915 
9.77708 
-8.73424 
-9.39703 
5.3178 
-2.88755 
0.0777308 
2.92569 
2.68408 
7.81404 
-4.16448 
-0.164149 
5.24089 
-3.08953 
0.146461 
-4.8762 
-6.67841 
-2.60167 
-1.04602 
8.3506 
-0.391479 
1.93857 
1.87633 
1.553 
2.96256 
0.673146 
8.18516 
0.0619268 
-0.97389 
4.9924 
0.158409 
1.37221 
1.63267 
-7.08421 
0.692073 
-9.65641 
-0.826332 
-0.531027 
6.34323 
9.98689 
5.34105 
-7.44652 
1.78796 
-0.43462 
0.146246 
-0.231969 
-5.85068 
4.99866 
-1.75028 
9.4024 
-7.46687 
1.53058 
1.63004 
-1.02945 
-0.18632 
-5.78341 
8.54049 
-1.47701 
1.99774 
0.234887 
4.28955 
4.45785 
-4.03928 
-6.96427 
8.95879 
2.80137 
-5.29049 
-1.05159 
3.71713 
-4.06519 
2.01307 
-4.43627 
-4.58874 
0.642861 
-4.45607 
-8.1991 
1.77886 
0.804225 
2.20455 
-6.01015 
2.22331 
-1.21846 
-2.90714 
5.70858 
6.68986 
2.7798 
4.27258 
8.31657 
-1.63267 
-4.8071 
-6.67408 
-8.7121 
5.91013 
-0.0232265 
-8.76771 
2.10768 
4.56607 
0.486294 
-2.04313 
5.11914 
-6.55395 
-6.71096 
-8.05776 
3.11862 
0.645351 
2.83876 
1.4102 
5.44097 
1.34523 
-3.51202 
-9.52857 
-2.4135 
-9.60784 
4.97794 
7.51133 
4.76301 
-8.88913 
8.24852 
2.72352 
-5.45894 
1.16959 
-0.244184 
-0.604354 
1.93394 
-1.6152 
7.02481 
0.115411 
0.874502 
-8.04155 
-0.289331 
-2.12443 
8.3009 
-3.0873 
5.2852 
-0.941473 
-8.09649 
-1.50796 
-3.05315 
0.911106 
3.10702 
-0.959186 
-4.40829 
-0.831599 
-4.32922 
-2.22414 
0.62683 
0.559279 
-5.50781 
0.00702911 
2.07258 
-8.54347 
2.1659 
1.8651 
-1.10536 
7.04935 
5.6661 
-2.34921 
3.33874 
-6.16291 
-1.57916 
-0.638698 
8.36304 
1.01752 
2.96282 
-7.80058 
-0.271889 
-6.78622 
-3.03215 
-8.39881 
-9.53579 
8.67569 
0.657392 
-0.173765 
9.39187 
0.526201 
-4.76108 
-3.51995 
-3.33036 
-9.16913 
-6.68059 
-6.34362 
1.71033 
3.86176 
-1.62818 
-7.39556 
2.38987 
-4.95814 
6.51873 
-8.74412 
-0.723579 
9.47712 
4.38142 
1.26167 
0.476392 
2.50375 
-0.219401 
1.82148 
2.20909 
-7.05806 
-0.896177 
-0.859142 
-5.77416 
-3.94832 
-5.52345 
0.304354 
-4.84438 
2.83452 
-0.272261 
-0.117664 
-7.39868 
-8.69586 
2.81653 
-9.84146 
-1.63551 
-3.70675 
-5.52516 
0.570134 
0.908218 
-0.42302 
-0.489064 
-1.78481 
-7.53378 
1.76096 
0.457576 
-0.619438 
2.4366 
-7.22231 
7.17266 
3.28955 
-0.403704 
-7.55717 
4.16831 
0.513588 
8.66959 
4.88072 
-2.38838 
0.983914 
-1.90604 
-6.56198 
-1.548 
-5.15545 
-1.85126 
-5.57069 
-5.76399 
-2.93877 
-2.03635 
-9.56932 
1.09309 
1.48437 
-8.97106 
7.28645 
-3.55891 
-0.11344 
0.840725 
-6.9097 
1.74839 
1.49693 
8.43921 
-3.20083 
-8.05118 
-6.40137 
-2.10224 
8.1642 
6.57003 
1.95902 
0.811485 
0.144495 
-1.76822 
4.82622 
1.73337 
-3.65458 
-8.65231 
0.14657 
-7.92901 
2.58468 
0.940728 
-3.24165 
2.18426 
-3.33095 
-5.58731 
2.85589 
-0.572528 
0.401938 
-1.99213 
-0.760748 
-6.96623 
0.248013 
-9.09321 
0.588577 
-7.85546 
-0.106059 
2.2712 
7.2371 
-1.06896 
5.09236 
1.96576 
6.91937 
1.83592 
0.956703 
-9.54441 
-5.56146 
-4.94556 
0.357144 
-7.57319 
-2.45596 
-3.94462 
1.12644 
7.41128 
-3.16914 
-1.57681 
5.50328 
-5.45151 
-3.58112 
-0.339823 
-5.91223 
-0.676563 
-2.7695 
1.70893 
-3.56322 
2.0978 
-1.77822 
2.22294 
0.506726 
-7.62289 
-0.256954 
0.519054 
-6.18365 
1.41233 
9.51543 
-2.89851 
2.4392 
1.73892 
4.70385 
0.219763 
3.12178 
-8.34828 
0.736596 
4.31012 
1.87495 
-0.132436 
1.68076 
3.86379 
-5.79853 
0.632959 
4.72427 
0.0832312 
1.80413 
9.68186 
-9.29026 
-9.10166 
0.299898 
-2.72498 
-8.68666 
-2.34355 
3.13098 
0.59631 
1.55169 
2.3269 
4.13452 
-8.64253 
-6.78782 
-1.13729 
-0.0500761 
-1.59085 
0.124908 
-1.20304 
0.337139 
0.647668 
-4.18888 
5.04834 
0.185243 
-6.07027 
0.715766 
-1.56654 
3.00691 
-3.48603 
-3.00418 
3.00854 
3.86729 
5.92076 
9.94104 
1.57044 
1.49563 
-0.485231 
-4.85283 
-5.59248 
-3.03221 
-2.06745 
-2.09522 
-0.782194 
-3.76867 
-3.61657 
-6.03575 
-3.11119 
6.63495 
0.717377 
7.21805 
2.14111 
-3.09689 
-6.863 
-2.15757 
-2.7153 
-1.26222 
-4.78404 
-1.38887 
-6.87769 
-0.490068 
3.16976 
-2.28609 
0.652858 
-1.42836 
0.285599 
-3.68205 
5.53488 
2.45216 
-0.730079 
0.904008 
-0.374518 
-0.653122 
-1.32567 
-6.19495 
4.04975 
-3.76707 
-1.59 
-3.5098 
-6.56128 
-0.896651 
0.248731 
-1.21217 
-0.149515 
0.610473 
-6.20154 
5.07256 
-8.13233 
-9.75074 
-0.147595 
4.88203 
-5.88514 
7.707 
-7.3271 
5.57758 
-3.23776 
1.21544 
8.80998 
-6.86427 
-2.9833 
0.752019 
-6.80016 
-1.89143 
-4.20336 
0.65743 
1.45273 
6.25065 
-0.956679 
-2.54711 
-1.0695 
1.96406 
0.0609346 
-2.67227 
4.04383 
-3.51893 
-0.819076 
-0.689001 
4.75356 
0.422333 
-0.131637 
2.37649 
-9.13003 
0.774291 
-0.733753 
0.712696 
-0.471991 
-8.64979 
1.26757 
-7.82276 
-8.19208 
0.873406 
0.595905 
7.13386 
-2.25618 
-8.53806 
-7.72418 
-8.32279 
3.65537 
-0.382631 
-2.29665 
0.00141411 
-1.47267 
1.62822 
3.12111 
4.0496 
-3.21558 
2.72225 
-0.242377 
-0.135959 
9.96145 
-4.52527 
-0.689894 
4.71487 
-5.53971 
-7.80643 
1.05004 
-2.29826 
0.957568 
5.47288 
0.221094 
-1.02312 
2.09302 
0.560836 
2.77347 
-0.939582 
-9.6596 
-3.1615 
9.71901 
0.246065 
-8.74824 
0.00916728 
-0.507004 
0.173915 
-4.2062 
-9.3796 
-3.29757 
8.50517 
0.936117 
1.26143 
2.63639 
-8.33628 
5.97837 
-2.30766 
7.31992 
5.29405 
0.0197165 
-3.95998 
0.752682 
3.90826 
-5.56843 
-5.3492 
-2.75497 
7.70009 
6.28687 
-3.62556 
-2.0727 
2.06888 
3.86815 
-2.1491 
-2.91907 
-6.7678 
-6.56999 
-1.55822 
1.78856 
-4.20451 
-9.4495 
2.90615 
-2.35333 
-1.02332 
1.04497 
5.56205 
-2.75178 
-0.518958 
-0.867785 
-0.64982 
-1.92805 
0.0342823 
-0.98498 
-0.138303 
-9.92251 
-5.273 
7.63143 
-2.17322 
2.3932 
-5.35687 
-4.27601 
-4.17613 
-0.241938 
0.591676 
-0.247866 
-1.59387 
1.76366 
-0.855192 
2.90267 
1.30224 
4.87635 
-0.598678 
-8.88837 
-2.58177 
2.33101 
-4.2946 
-1.84707 
-0.845098 
-6.32368 
-9.35418 
5.47206 
-9.223 
-7.07503 
-2.66601 
-3.20813 
9.96546 
-1.22906 
-8.27528 
1.57669 
-2.61607 
-4.72248 
7.7134 
-2.52615 
-6.95217 
0.44369 
-5.11489 
-4.43144 
-0.165345 
-5.02601 
-3.62583 
-0.829444 
-1.99867 
5.22621 
-1.40847 
8.14664 
0.310962 
6.27025 
1.92869 
3.00953 
-2.40788 
0.348836 
-6.52868 
-7.82223 
0.950078 
-0.754593 
2.94025 
-6.55307 
7.69045 
3.27216 
-7.59289 
1.52201 
0.533551 
0.570787 
-0.639451 
3.19982 
-6.4076 
-2.29113 
-0.621345 
-1.59305 
3.30386 
-2.28945 
-3.05663 
2.26012 
0.707965 
3.03914 
1.69254 
-7.88214 
-9.01051 
-1.7034 
2.0766 
-1.92509 
-9.26842 
6.71109 
-8.10901 
0.789924 
-6.63058 
-1.23574 
0.0445075 
-3.29386 
-7.88028 
-2.04153 
-2.54914 
-1.10686 
1.79382 
2.16975 
6.49569 
-5.40941 
-0.932317 
-7.69522 
2.29494 
-1.29603 
-3.16256 
-5.19081 
0.34381 
-2.54016 
1.85309 
1.99291 
-0.463217 
4.85547 
4.20179 
-1.75551 
-7.17581 
6.48976 
1.92157 
2.9378 
1.87925 
-9.65171 
-2.87809 
-3.99075 
-8.05319 
-2.77033 
3.24013 
0.458324 
2.35623 
6.94303 
0.934396 
-4.79896 
-0.985393 
4.31948 
-7.96917 
-7.32958 
6.21878 
1.83539 
-0.345092 
1.60742 
4.64328 
-4.56979 
-4.20819 
-5.02588 
9.09614 
-7.96652 
8.0215 
2.09052 
-9.46441 
-0.847014 
-8.85008 
-6.03516 
-5.31773 
-7.09555 
-1.0647 
-6.98193 
5.10054 
-1.41934 
1.33843 
1.55092 
0.504534 
-6.36646 
2.24599 
8.36641 
4.7021 
-0.448888 
2.93357 
4.6037 
-0.999998 
-0.81711 
3.92361 
0.721414 
2.39337 
4.17777 
1.33446 
1.01131 
-6.39814 
6.25424 
3.96607 
1.47489 
-3.96872 
1.13323 
-3.94339 
1.11822 
8.59961 
-2.33694 
4.69364 
-8.46203 
7.75625 
-1.21379 
-0.727472 
4.83842 
2.39981 
-2.55561 
1.70869 
-0.796402 
-0.780684 
-9.04137 
8.42887 
-0.0792001 
0.349785 
0.553976 
-1.02871 
-4.66014 
0.302357 
-3.83078 
-1.14212 
-8.00426 
0.0397289 
-8.5532 
4.60401 
8.64158 
1.34721 
-9.28075 
-2.00973 
-1.36895 
9.62243 
-9.9647 
0.686759 
1.28561 
-1.6493 
8.05374 
-9.21512 
-0.0424323 
-0.762593 
-8.89807 
7.87506 
-7.67691 
0.344665 
-2.02485 
2.58652 
-8.45731 
-0.0456254 
9.83558 
-8.29224 
2.2313 
2.06914 
-0.344434 
1.10697 
-2.52528 
0.86147 
0.465253 
-5.87486 
-2.13934 
2.77185 
-4.43649 
-8.94717 
-4.34632 
-2.77601 
-1.34547 
0.084531 
-1.33971 
-0.234328 
4.89384 
-7.39511 
-0.498798 
-5.42761 
2.12755 
-1.3512 
-1.5308 
-8.37946 
2.05069 
8.42403 
3.62788 
-5.49533 
0.747518 
1.06953 
-4.47506 
2.07882 
6.09925 
-4.53586 
-8.3511 
-0.84905 
-3.95438 
6.09072 
1.6809 
-7.78252 
-1.07618 
-8.78608 
-5.74597 
3.08733 
-2.34508 
2.21105 
-2.80993 
-8.68069 
-9.08293 
-0.426151 
-0.409598 
3.96438 
1.61524 
9.01334 
-4.80134 
-6.3794 
-0.05686 
-9.33373 
-6.47682 
0.912014 
-0.792688 
-4.93063 
2.68492 
-9.06204 
0.675994 
-9.42745 
-9.54894 
5.48311 
7.25468 
-9.47658 
-2.14859 
4.9595 
7.21975 
-8.40529 
-5.59229 
-9.06558 
0.179099 
1.64151 
-2.02871 
-1.653 
-6.49778 
-1.84692 
8.94579 
1.73824 
1.93483 
1.49534 
2.4493 
-4.7301 
-4.52564 
-1.45791 
-3.57444 
3.55601 
-0.696537 
-3.77262 
0.396141 
-2.72438 
-2.43429 
-2.23302 
-2.07453 
-1.19534 
2.54682 
-3.73799 
-0.154761 
0.248606 
1.51189 
-4.39914 
-1.54699 
0.795899 
0.149122 
4.91531 
-2.17645 
1.12076 
-9.41995 
3.62555 
3.13934 
2.12903 
-7.18764 
-7.51494 
0.837525 
2.61302 
-0.437487 
8.36364 
-5.21127 
2.17643 
0.485484 
-3.0585 
-7.9233 
3.09212 
-6.2511 
1.92722 
6.90573 
-1.24936 
-2.15073 
-5.76181 
-4.46518 
1.81124 
-2.62493 
1.19419 
-0.693767 
2.311 
0.731665 
1.52773 
-7.60838 
-0.898601 
-1.03602 
-2.72604 
-0.172656 
-1.70092 
9.62189 
-4.84914 
-1.56513 
-0.501302 
-4.32294 
0.826933 
3.79615 
0.426187 
9.61597 
-0.386609 
-0.124028 
-1.09789 
-0.265963 
-1.6863 
-0.305453 
-2.5597 
-5.80211 
6.41231 
-8.70499 
-9.95401 
7.14513 
-1.06483 
0.243628 
0.139723 
-9.82431 
-6.81512 
-5.91423 
2.25705 
-1.72529 
7.43219 
2.46124 
9.453 
-3.34644 
5.4683 
-1.65438 
-2.94334 
-0.85289 
0.691982 
0.289696 
-5.9556 
4.2715 
0.18908 
-7.9214 
-3.21243 
-9.84246 
0.0454682 
-1.9824 
-9.13888 
-8.60012 
7.04234 
-7.73248 
-8.0142 
-9.8619 
-0.971005 
0.029716 
3.19096 
0.244677 
-4.09311 
-1.75881 
1.73628 
2.66337 
2.09745 
2.04133 
5.72347 
-2.53914 
-1.06706 
5.63746 
1.40352 
2.0095 
-0.187812 
9.88913 
-1.46255 
-2.46902 
-0.420974 
0.366487 
-1.53682 
1.65983 
1.32777 
9.35484 
-7.33939 
-1.14873 
7.36239 
-9.4454 
6.27731 
2.22675 
5.06574 
-6.73594 
5.99682 
-8.34321 
-0.198299 
9.98089 
0.617266 
-5.65163 
8.14024 
-6.06381 
-0.448043 
-1.1173 
-3.12468 
-3.94597 
-9.91656 
2.29659 
0.988647 
-4.57304 
-9.29232 
-0.339423 
-3.58107 
-0.150198 
-2.92503 
-7.296 
-0.378135 
-5.52638 
0.643295 
2.93239 
1.6791 
-9.93155 
3.76766 
1.51899 
-3.00859 
0.293906 
1.58835 
-0.739522 
-1.45384 
9.48662 
-9.04752 
2.53017 
5.7079 
-6.83042 
1.09164 
3.90667 
-9.01902 
1.23768 
4.63198 
3.10965 
-3.81083 
-5.59257 
1.88473 
-2.4983 
0.246645 
1.94933 
1.19082 
5.7903 
-4.04789 
-0.167866 
-3.49397 
-1.56459 
-1.86447 
0.435498 
4.12099 
-1.52796 
1.45638 
5.84873 
-5.45498 
6.32838 
3.9863 
-4.35809 
-0.223885 
1.79321 
-2.76677 
-3.93309 
-9.4713 
3.37691 
1.2767 
-2.29551 
4.20859 
-1.23749 
0.945621 
-0.5056 
0.770839 
-0.284477 
3.53212 
3.30417 
-2.96731 
-0.519925 
2.5487 
-3.02289 
2.53099 
-6.70761 
-4.32201 
0.827628 
-9.34191 
-2.52942 
-7.44287 
-0.19781 
5.38516 
-0.786069 
5.49287 
-7.33694 
6.95822 
0.0382987 
-1.64408 
1.95548 
-8.90104 
6.4005 
-1.97066 
-2.37937 
-7.47196 
-0.452622 
-3.15691 
-8.64323 
-7.40224 
-0.492022 
3.50231 
-2.22664 
7.66512 
0.537312 
3.00585 
-8.15798 
-1.45772 
-4.74458 
8.71251 
-6.39525 
3.31524 
-2.16238 
3.1213 
-8.98003 
-0.0641625 
-2.02048 
-7.61173 
1.05267 
-6.51083 
0.687849 
0.331188 
3.73414 
-8.51641 
4.80386 
6.54237 
-1.23411 
5.48845 
-8.20616 
6.54887 
-5.76716 
-0.986622 
-8.93855 
-2.47005 
-9.21737 
-9.11694 
-4.30113 
-4.69418 
-4.96168 
-3.18764 
0.203299 
-5.24214 
-0.0199069 
-3.03725 
-0.450116 
1.12098 
-4.51204 
0.774893 
-0.214811 
2.29667 
-0.5758 
1.5596 
-7.1383 
-3.53282 
6.8115 
-9.68921 
1.07928 
-7.57142 
-2.06132 
-4.27626 
2.9216 
-3.30855 
7.56095 
-4.93558 
-7.62322 
-8.98021 
-6.60487 
-8.30389 
0.367584 
2.58808 
-2.72886 
-1.58182 
5.534 
2.54606 
-0.630133 
-3.89185 
-1.50873 
4.73185 
2.62341 
0.73705 
-2.13359 
-7.37578 
-1.76496 
3.04378 
-9.49753 
-5.20792 
-3.74791 
2.49485 
-0.993432 
1.15169 
-8.65988 
-0.915543 
3.46362 
-8.42622 
2.25785 
-2.20151 
1.39748 
-8.5819 
8.89201 
2.39008 
2.03223 
-6.84317 
4.93227 
6.29706 
-0.59642 
0.0977471 
4.63647 
-2.62339 
-6.69606 
-3.73632 
-0.934307 
2.68065 
-1.78827 
0.489926 
-1.8461 
-7.41458 
-8.83201 
0.579307 
0.0287805 
3.98645 
-7.71807 
0.626156 
2.13511 
2.51084 
-3.8028 
0.172864 
-1.35054 
1.05845 
9.40038 
1.51365 
-0.915274 
1.32601 
7.21026 
1.52599 
-1.40307 
-9.92373 
-0.519277 
-3.35442 
-0.034854 
1.6911 
7.71246 
-4.46177 
-2.17276 
-1.0763 
-1.70761 
0.276343 
-8.87431 
-1.57009 
6.4853 
5.48617 
0.154563 
-3.48627 
8.77208 
2.7151 
-6.69187 
-7.90533 
-1.08115 
-6.83227 
0.620441 
-6.59039 
-0.416603 
-5.38413 
-1.49271 
6.01308 
-1.24531 
-1.40949 
6.47995 
1.87812 
-3.59642 
9.40008 
4.3532 
2.10849 
-1.34056 
-9.86167 
-9.96829 
-0.813883 
-3.77787 
-1.78872 
-5.02106 
-9.67995 
-1.36526 
2.21605 
9.96542 
0.686975 
3.61101 
1.34995 
-6.03604 
0.62384 
-4.27677 
-9.80275 
0.74688 
2.8713 
-3.31896 
-0.800801 
5.312 
0.241639 
4.61597 
-7.11795 
0.718556 
-5.35506 
1.98901 
5.34542 
0.0741437 
8.91624 
-4.29478 
-1.60903 
-1.17577 
-2.87737 
-9.24471 
0.850614 
-3.37299 
-0.606257 
2.69192 
-2.42145 
-5.41897 
-2.61265 
2.88433 
-9.55983 
1.46108 
5.3364 
-2.18117 
-4.65703 
-0.0948158 
-0.739264 
-1.83443 
-3.51947 
3.86441 
5.33135 
2.28925 
-1.95862 
1.01331 
0.640226 
7.75209 
1.77012 
-0.623294 
-0.59173 
-1.86129 
0.291337 
-2.55009 
-1.61169 
7.3225 
-7.542 
9.01872 
-6.64056 
-0.375485 
7.19648 
-7.25239 
-3.69841 
-1.94594 
-0.823122 
-0.845687 
0.0751458 
-0.555474 
-1.47479 
9.84174 
5.80615 
-2.68301 
9.87151 
-0.342633 
1.40204 
-8.95958 
-4.73467 
2.79535 
-8.56147 
-6.24062 
3.63321 
2.14501 
-1.12507 
4.49245 
-0.43041 
-3.4957 
0.587613 
-3.239 
0.667309 
-8.60264 
0.240918 
3.21164 
-4.27997 
-5.59549 
8.17882 
-0.0277085 
3.75226 
-5.33769 
0.766077 
-1.8116 
-1.0486 
0.00631691 
4.11394 
2.5569 
0.20068 
1.55599 
1.26109 
-7.52392 
8.2201 
0.0115798 
-0.0561157 
0.217703 
2.27869 
-0.244703 
-0.825937 
5.51543 
1.32914 
-9.09954 
1.13197 
-6.70249 
1.64697 
-0.817327 
5.08965 
-0.1478 
-6.76218 
-2.28532 
-1.8148 
1.95008 
-0.0295843 
-2.03363 
-7.57066 
-7.51472 
6.93406 
-9.34982 
4.17426 
-9.59323 
3.2632 
-6.59696 
1.66336 
-5.45302 
-1.72582 
2.51678 
-8.53139 
1.81826 
0.0351455 
6.96953 
3.05808 
9.39 
0.317665 
1.68994 
3.50827 
-3.35796 
2.07683 
-1.98028 
1.73725 
9.82131 
-5.16548 
3.79645 
-8.54039 
-1.11948 
7.07351 
-3.48174 
6.74975 
-3.00822 
5.03898 
-7.93665 
9.72828 
1.24564 
-2.04818 
1.58387 
-0.913661 
0.00412431 
-9.04252 
1.17367 
1.87234 
0.915703 
-3.52833 
-8.72403 
-6.93847 
1.80146 
-8.60535 
-2.52572 
3.17233 
3.27563 
-0.0672773 
-1.76216 
-8.93219 
-2.12431 
8.23507 
1.93971 
5.47517 
-0.78508 
-4.68196 
8.04023 
-8.81981 
-1.62374 
-1.19094 
-6.0004 
9.02719 
0.373712 
-3.65278 
-1.2826 
3.31761 
-0.229965 
-6.80085 
0.148181 
-5.87877 
0.742345 
-3.20317 
-3.04739 
-1.88493 
1.52188 
-4.57017 
2.89099 
-1.453 
0.759535 
-0.857804 
-7.41281 
-2.48122 
0.316078 
4.71871 
-0.75332 
3.33581 
4.64419 
-0.820928 
9.48272 
-7.96533 
-1.65367 
-4.65166 
2.958 
-2.10488 
1.60044 
2.69566 
9.00276 
2.02942 
-8.08474 
0.254488 
-1.49755 
-9.39835 
-9.52586 
3.17704 
-0.591681 
9.98101 
8.92435 
-0.74064 
2.47253 
0.549322 
-9.13818 
-0.964792 
-1.77518 
-6.74315 
-2.1395 
-0.802354 
-5.27253 
0.301526 
1.16453 
2.57759 
-2.36912 
3.14766 
-5.08084 
-2.16165 
5.96736 
-0.564485 
-1.16292 
-4.07608 
7.25736 
-4.67707 
-8.35443 
3.84911 
4.6669 
-0.962437 
1.22912 
-2.887 
-1.36817 
-1.94912 
-3.0028 
-3.25056 
9.27565 
-2.12534 
0.367479 
2.22749 
2.54082 
0.179885 
3.93309 
-9.89176 
0.801573 
5.31903 
9.91748 
1.38139 
-1.8666 
-9.24794 
-1.04146 
-8.50442 
-2.66223 
6.21439 
2.29958 
3.39454 
-7.06053 
0.127178 
-0.852073 
0.442481 
-1.2372 
-3.23874 
-8.78104 
-3.18836 
-7.44313 
7.97846 
0.50551 
5.70447 
-7.54292 
-9.24228 
0.304735 
1.69396 
3.05254 
-1.2096 
2.80548 
1.49915 
-0.11836 
-9.87413 
-0.814668 
0.161041 
1.38257 
2.10966 
-5.3101 
-3.2831 
-1.59593 
-0.137464 
-3.32611 
2.25275 
-6.5073 
1.12774 
0.718861 
-0.503449 
2.31839 
-8.15314 
-8.96839 
-7.12825 
0.317597 
-5.49385 
-0.00739955 
-5.90349 
3.75531 
2.1269 
0.0388477 
-6.07495 
-2.06919 
-3.71657 
3.50329 
-7.16202 
2.54078 
9.61916 
1.99765 
2.24651 
1.17086 
-9.6899 
-0.59093 
2.39696 
-3.14846 
-7.26199 
0.672685 
-2.3922 
6.37601 
-0.507507 
2.16753 
1.61668 
-1.18872 
-0.5589 
1.03293 
4.0283 
-1.07355 
2.85504 
4.91864 
-0.936024 
7.31984 
1.96049 
0.0880074 
-1.48832 
-0.0528903 
-1.33424 
-0.0680734 
1.96059 
5.2263 
-9.11716 
-8.62164 
-6.19244 
7.21924 
1.26686 
-5.59129 
-7.08418 
-2.29804 
1.90362 
-1.13737 
-3.97071 
-8.26481 
-7.40543 
-9.61431 
0.752723 
2.72474 
2.78419 
-9.47048 
1.85923 
0.771778 
-4.36104 
4.10019 
-6.64426 
1.92745 
2.29341 
-9.2062 
0.134381 
1.19484 
2.71453 
6.06878 
-0.86888 
0.427956 
-0.371833 
0.123797 
7.85057 
7.0221 
0.214474 
2.86411 
1.33366 
1.51316 
8.50578 
0.773126 
-1.59672 
-4.22904 
-8.21334 
-1.13456 
0.386708 
3.14401 
1.65885 
-2.6447 
-0.243297 
9.89909 
0.525777 
-1.11735 
7.0255 
5.86646 
-3.61719 
-3.02578 
-1.6059 
8.04806 
-2.93456 
2.0592 
-3.1871 
-8.15734 
5.23497 
2.56264 
-0.432996 
2.96267 
7.61181 
-5.45331 
0.34141 
-1.34473 
2.14148 
-2.68404 
0.55095 
-5.38435 
-4.27501 
-8.86606 
-3.18579 
-3.42867 
-0.276565 
3.74796 
0.61244 
-3.82383 
3.08646 
-1.13577 
1.51026 
0.571924 
1.17011 
-4.3228 
-0.208243 
2.65514 
-7.1147 
-0.417003 
-4.73379 
-1.00686 
-1.40996 
-9.24127 
-7.10059 
-0.55346 
1.71803 
-5.05774 
-5.18585 
-2.33804 
0.459268 
0.66227 
0.0730211 
7.34581 
-7.58953 
7.59424 
-0.0289959 
1.9252 
-0.513744 
-8.76351 
1.63289 
-5.80413 
0.905792 
-1.3838 
-3.4679 
-0.627949 
0.849842 
-0.799543 
2.93934 
-2.79427 
0.914627 
-1.26856 
-7.077 
9.09585 
-0.0771762 
-5.01192 
-3.364 
1.38132 
-9.5026 
-2.22532 
1.15302 
1.78498 
-3.91457 
2.31393 
-7.83199 
-8.13751 
-8.53335 
-2.10012 
-7.12946 
3.87772 
9.06638 
-1.25475 
2.76969 
-0.164075 
-1.19731 
6.38206 
-0.19487 
9.49709 
4.37182 
-3.34495 
2.31082 
5.03933 
-7.9549 
-7.05243 
1.83637 
3.75448 
-9.6255 
-2.58386 
-2.5803 
-0.756924 
-3.27339 
0.618665 
2.95143 
-0.943667 
-0.687225 
-1.14722 
-9.162 
-4.73921 
2.56884 
-2.47957 
3.21 
-1.84743 
5.41655 
-7.32852 
7.31171 
6.07024 
3.0184 
-3.85307 
-0.576985 
1.37695 
1.47186 
1.86904 
1.4955 
-5.48848 
0.435383 
-1.76905 
-7.18291 
-7.36341 
-6.16757 
-3.01307 
-2.47669 
-9.33044 
-0.745694 
1.71848 
4.63324 
9.07481 
4.25533 
0.0219079 
-1.72083 
-2.68678 
-4.47777 
-9.15274 
0.572554 
-7.98581 
4.10463 
-3.47632 
-0.836314 
-0.0843554 
-6.18678 
6.74768 
-2.95315 
1.57169 
-6.11829 
2.4342 
0.421765 
-7.20262 
5.49489 
7.08607 
0.808348 
3.22412 
-0.488568 
-4.2557 
-4.56016 
-6.5014 
5.2723 
-0.0818315 
-3.79219 
-0.660317 
-0.638752 
0.818763 
2.08807 
-4.10815 
2.06436 
2.67859 
6.94737 
-2.29729 
7.66436 
-9.47966 
2.05674 
-2.12377 
-0.107555 
6.15837 
5.48919 
-3.12914 
1.70519 
1.74938 
-2.09306 
7.949 
1.22225 
-2.22674 
-8.78533 
0.799496 
-0.950607 
0.487945 
2.99832 
-1.96136 
-1.01561 
-1.85273 
-2.74031 
-1.58394 
-8.06883 
0.75871 
1.32716 
-0.951994 
1.08327 
-2.91562 
-2.09514 
-7.32863 
7.6644 
-3.23323 
-2.8095 
0.437598 
-5.34586 
-2.17527 
1.99199 
-2.75979 
-7.9224 
0.196304 
-9.08226 
-3.56161 
-9.20007 
-1.93216 
3.03331 
-2.17049 
0.172669 
0.590148 
-2.02325 
-2.99202 
7.40918 
-2.12597 
-3.81756 
3.97386 
-7.6429 
-0.652342 
-5.14462 
-4.40475 
-9.41206 
2.33605 
6.1714 
5.78214 
-1.33691 
-4.53799 
-8.39924 
-6.08962 
-9.79268 
-1.44687 
1.99158 
1.81252 
-4.32009 
8.17694 
-5.06937 
1.9936 
2.48378 
8.02093 
-9.2756 
1.02835 
-5.83311 
-2.97784 
-3.98177 
-2.5605 
-0.000295471 
-0.282419 
0.0942107 
-5.41748 
8.58147 
-1.48688 
0.85905 
-0.98411 
-9.97157 
5.29001 
-0.609076 
2.29237 
-0.602971 
5.97885 
-5.6545 
2.97218 
-6.55625 
0.954115 
-3.44886 
0.798556 
2.2409 
-1.31496 
-3.80324 
0.317823 
5.09007 
-0.0726071 
-2.57883 
7.41267 
-7.56646 
1.84423 
-3.81051 
7.63094 
0.803797 
0.675163 
-1.92622 
0.949804 
-1.05929 
-0.146866 
2.54552 
-8.54489 
-1.02894 
-7.89362 
-0.3238 
-9.48862 
-9.74688 
-5.0733 
-2.99387 
7.14351 
-6.10951 
-2.26737 
-2.19356 
-0.403636 
-1.98656 
-0.984788 
-4.81478 
0.490815 
-1.35892 
-5.58402 
0.375037 
0.141927 
-6.53903 
1.1894 
3.65069 
-7.55792 
3.46198 
-8.07357 
-1.85789 
-4.01596 
-8.55859 
-1.55947 
-9.39808 
-2.50223 
-0.886068 
-7.93795 
-5.61306 
-0.826568 
-8.40481 
3.63882 
-0.708178 
8.44464 
-8.31722 
4.68932 
-2.29838 
3.96785 
-1.19756 
5.34022 
0.540422 
-1.84133 
-0.85941 
-1.13577 
1.48366 
-9.5875 
-1.73396 
-3.60565 
5.42605 
1.38716 
7.78763 
-3.20657 
-3.62578 
0.254041 
1.6857 
-1.61279 
-2.23054 
3.65647 
-0.775989 
-2.31038 
4.22036 
-8.27755 
-0.737977 
2.65684 
3.96197 
7.4628 
-8.97214 
-7.35931 
8.14461 
0.870374 
0.109424 
0.896082 
-2.0415 
-4.4848 
-4.76231 
1.43522 
-1.96629 
0.249335 
4.34682 
-1.16207 
-5.98181 
5.33318 
-1.88506 
-3.68482 
5.97944 
3.0346 
3.0862 
-2.04164 
9.91409 
3.73365 
-0.117125 
-7.53072 
-3.42084 
4.0299 
0.0433716 
-5.21239 
-3.44496 
-6.12773 
-4.25746 
3.31248 
0.784811 
-6.00635 
0.863688 
-0.567931 
-0.43045 
1.23823 
7.28482 
2.10778 
1.80271 
-3.03891 
-0.684654 
3.94098 
-5.32355 
2.80777 
-0.837431 
-5.12963 
8.27549 
1.91763 
5.12266 
-4.57227 
4.6072 
-8.1059 
-9.85117 
-7.6473 
2.13607 
-4.62022 
-0.0428403 
-2.22755 
1.73789 
0.539119 
-4.4511 
4.51086 
-1.22423 
-7.65475 
-4.87709 
-3.09556 
-8.64084 
-5.65368 
2.69362 
-3.47266 
-4.9671 
-2.11764 
-0.491973 
2.1295 
-4.91208 
-8.83046 
-1.12892 
7.70515 
0.461501 
2.80447 
-1.23449 
-9.94238 
1.91717 
-0.267077 
-0.826384 
-2.53512 
5.79325 
-0.77992 
-2.99781 
1.86367 
0.791633 
-8.3241 
6.67679 
-5.80778 
5.54158 
0.404631 
-1.35098 
-0.538582 
-1.87864 
-6.38702 
2.25468 
-0.312611 
1.99314 
-9.48561 
8.98224 
-0.700071 
3.09347 
-2.43883 
5.83847 
4.16464 
-8.01631 
3.53542 
-2.986 
5.04962 
-9.91669 
-1.76544 
-1.84672 
-0.160322 
-0.0383487 
-8.72254 
1.26531 
-6.45826 
-3.13108 
1.67375 
1.36306 
1.7101 
-0.840742 
2.92468 
-0.591957 
8.05245 
3.37361 
-9.60371 
-0.859082 
-7.05506 
-2.6751 
5.00329 
4.90293 
-2.04664 
-9.62644 
-0.112911 
-0.633578 
-0.145888 
0.13734 
-0.253633 
-7.69025 
-0.807614 
9.42443 
-3.15463 
-7.67688 
5.1929 
-9.93646 
-3.65297 
5.02629 
-7.01738 
-4.64619 
-3.07239 
3.44393 
1.32608 
3.09267 
-2.57478 
5.05353 
-2.63758 
-9.85902 
3.14337 
-7.15897 
0.0456025 
-1.82305 
0.611052 
-9.38124 
-7.83138 
4.55685 
-4.0713 
-0.631542 
-1.16311 
-2.75814 
-4.12928 
6.78183 
0.929062 
-1.46762 
-0.181638 
1.69148 
-1.21608 
-7.82165 
1.33991 
-0.503346 
6.74946 
-6.03727 
-9.7942 
1.24571 
-2.08129 
-9.33212 
-2.06934 
-0.628911 
-0.586046 
4.06615 
6.94039 
1.06506 
3.16849 
-2.94218 
1.2841 
-1.25676 
-1.92676 
-1.48831 
1.09811 
8.14316 
7.49998 
5.01573 
4.52583 
-4.02372 
4.03217 
-5.60078 
-7.35026 
-9.49529 
-1.79145 
7.29148 
8.75874 
2.55937 
-5.81399 
-5.02133 
-9.57572 
-3.68286 
9.07362 
-4.0636 
-2.72282 
-9.75847 
-4.78131 
-0.697097 
0.616755 
3.82947 
1.33295 
-2.06542 
4.30605 
-9.18626 
1.87895 
-0.674525 
-7.6413 
0.731103 
-8.19468 
-0.29477 
-9.16521 
-8.61099 
-2.86157 
-5.94617 
-7.02453 
-7.25171 
-7.62685 
1.93496 
2.11182 
1.02645 
0.705883 
2.57126 
-9.20823 
-2.0016 
-9.93816 
0.481525 
1.83853 
-2.87716 
-1.16704 
-0.971936 
0.00189882 
1.49917 
-5.9706 
-0.0139584 
-8.18273 
-2.84133 
9.18026 
-2.59136 
0.191354 
2.37211 
-1.77187 
-0.552861 
-1.78425 
-0.943828 
1.68924 
5.26763 
-0.288204 
3.10719 
-5.43299 
-9.6721 
-0.34364 
1.7521 
-3.87137 
0.0427444 
-0.656107 
-5.84602 
-8.87816 
-2.94075 
3.2292 
-5.90204 
5.42178 
-1.09767 
0.374277 
-9.76024 
7.12506 
1.38062 
0.218914 
2.73138 
-0.384196 
-2.41928 
-0.392164 
5.49814 
-4.28585 
-9.6516 
0.984079 
-1.07861 
-6.83894 
1.53798 
-8.96414 
1.40709 
4.47321 
-0.0829195 
2.54755 
1.81483 
-5.22404 
-5.60334 
-5.58929 
-8.22068 
4.4313 
-1.46977 
3.61943 
6.83475 
-8.6019 
2.52637 
-8.06199 
-4.4956 
-9.89431 
-0.732069 
3.75106 
7.34519 
-2.15027 
0.935259 
-9.83365 
1.30735 
0.453185 
5.49086 
-0.268902 
-9.04452 
6.21473 
3.423 
7.73072 
-3.499 
-0.828289 
-0.507778 
0.613758 
0.163512 
-8.67635 
1.66911 
-3.44696 
2.52369 
-2.95958 
-0.839363 
0.440605 
7.90724 
-8.37557 
0.753255 
-0.614382 
-6.43516 
-0.974088 
-2.89738 
-9.52503 
-7.97796 
5.32511 
8.05015 
-1.14372 
4.27241 
9.76188 
6.12468 
-3.92953 
-4.91282 
-2.10392 
9.14654 
-5.20874 
-4.17153 
-5.80374 
2.30042 
2.99372 
-2.54927 
-9.82554 
1.57792 
4.36305 
0.535405 
2.073 
-9.8779 
-4.02787 
-1.42251 
8.575 
4.82142 
-5.86087 
-0.441472 
2.24092 
1.05436 
-6.94312 
0.942185 
2.14834 
-1.14738 
-1.16375 
6.50049 
-0.957859 
-2.51761 
0.247731 
0.55458 
0.261638 
0.688112 
-5.36469 
0.848997 
-3.97847 
-0.97822 
0.434223 
0.272404 
-0.159697 
-3.3125 
-8.79427 
-0.233195 
3.57595 
3.94795 
1.54344 
-8.57086 
-5.50562 
-0.441608 
-0.578458 
-0.174516 
-3.82706 
2.48812 
-0.136925 
-7.0746 
2.10748 
-8.96495 
2.25151 
2.21834 
3.36421 
-4.81478 
-2.31721 
-4.09123 
0.976455 
-2.39559 
1.5798 
-3.69936 
-3.44575 
5.5803 
-9.31579 
-8.78308 
2.89646 
-2.7503 
0.296016 
-0.129508 
-6.38739 
-6.85275 
1.75731 
-0.967717 
-0.434531 
2.7661 
5.05326 
-0.567657 
-6.83485 
-2.62275 
3.05349 
0.255787 
1.4641 
1.22713 
1.3197 
3.73181 
-7.63107 
8.63683 
9.44935 
-2.94137 
1.61145 
4.54922 
2.94732 
-3.46702 
-1.63744 
-8.84221 
0.70218 
8.73227 
4.20405 
9.13117 
2.5749 
0.766109 
0.936472 
-1.66128 
0.641484 
0.102331 
-4.79662 
-3.8666 
3.06286 
6.29962 
9.18275 
-3.23176 
0.663751 
2.76169 
-9.5212 
-9.01397 
-7.27589 
-6.87703 
0.884422 
2.27798 
-1.15368 
-5.01993 
-2.79476 
-6.32495 
-0.637007 
-9.18362 
2.23554 
-1.0935 
-4.91682 
-8.29601 
-0.746675 
-2.4595 
-7.75095 
-0.784338 
-0.192844 
-8.48848 
-4.97397 
-3.44535 
0.971823 
-1.49297 
-7.16572 
-1.09812 
0.961393 
2.33062 
2.41706 
2.36109 
-5.16187 
-5.70212 
9.95652 
2.35204 
9.52578 
3.56097 
2.70173 
0.620997 
-1.90472 
-0.444707 
-0.246175 
0.108819 
1.93801 
-4.7496 
3.27825 
-0.0888778 
-0.987533 
-3.1126 
-2.06001 
6.24789 
0.369792 
-5.2686 
-1.92776 
0.332595 
5.34778 
-5.56549 
-0.378895 
-4.06844 
1.84812 
-7.30228 
0.626572 
-2.82079 
-8.94395 
4.82634 
-1.59294 
-2.86206 
2.4375 
-0.353561 
1.41212 
6.25962 
-3.64543 
5.04829 
0.248443 
0.055045 
1.42375 
-1.62578 
-9.10299 
0.807675 
-0.574818 
-2.36295 
-9.90232 
-2.63839 
-0.459037 
-1.46425 
-7.3947 
1.46221 
-2.18078 
5.8141 
9.30225 
5.46561 
-0.438371 
2.36985 
-8.94612 
-6.28501 
-4.21909 
5.86605 
-5.59409 
1.04316 
-0.937943 
-2.79274 
4.8779 
8.9446 
-8.40607 
-8.73624 
-2.06817 
-0.835798 
1.98868 
-6.64398 
1.52973 
5.14356 
7.46701 
-3.6577 
-0.999634 
2.6591 
-4.65888 
0.690612 
0.529828 
0.808487 
-1.44142 
1.48516 
-2.71784 
-6.84619 
1.26294 
-9.71199 
8.59617 
-1.62583 
-9.11505 
-5.71759 
3.129 
-4.41089 
-0.198321 
1.74291 
-6.99357 
-8.82566 
0.261622 
2.11843 
3.46828 
-7.67709 
1.312 
-2.41203 
-3.00399 
2.47598 
0.332428 
0.523273 
-9.61591 
-7.86475 
9.58066 
-6.41876 
1.49592 
-5.72389 
-5.68919 
-8.76508 
-4.85913 
-3.54303 
-2.79491 
-0.788104 
5.23675 
0.367967 
1.22676 
-3.74675 
-2.09037 
0.551543 
-1.66494 
1.98935 
2.67567 
9.60601 
1.14694 
0.122878 
3.00216 
4.8464 
-1.17429 
-0.798473 
-1.78824 
7.385 
-1.41845 
0.338079 
0.477664 
-0.868232 
3.82197 
-0.147616 
0.229729 
3.23709 
1.5265 
0.609937 
-9.09637 
-0.135219 
-1.51899 
-2.79661 
0.262493 
3.46373 
0.927007 
0.956652 
1.48815 
-5.87988 
2.19132 
-3.91047 
-4.31876 
-3.36563 
-4.41095 
-0.28223 
3.07488 
-3.2117 
0.325675 
5.03671 
-6.63487 
7.58783 
-7.33104 
0.381491 
0.522082 
-2.21165 
4.93111 
0.348562 
0.118838 
0.500215 
1.07397 
-5.27561 
-3.32316 
-7.56522 
-1.02619 
-6.43609 
0.922488 
0.297209 
-5.72162 
0.979737 
1.45151 
8.22283 
4.82708 
-2.28255 
6.80335 
-0.922721 
