3.21685 
-4.61417 
1.86966 
5.07153 
-1.10533 
-2.6488 
-6.47695 
-2.6187 
0.673017 
-6.1696 
-0.922401 
7.62701 
-6.17683 
-8.08683 
8.12274 
9.46875 
-1.96521 
2.27149 
-2.91472 
-1.99433 
-3.67173 
-2.82459 
-4.22668 
4.3841 
-3.1569 
-3.12754 
0.475323 
1.57638 
-0.499637 
0.407719 
0.599097 
-1.79166 
-7.44426 
1.17525 
-3.38826 
-8.16114 
0.512395 
-0.556993 
-5.13816 
7.98024 
-8.55103 
-4.8932 
-1.34041 
-5.62175 
-3.45448 
-1.04078 
8.37643 
4.18198 
-0.345489 
-0.0716109 
0.866793 
9.87927 
-3.32444 
-0.863509 
3.73983 
1.26747 
4.09221 
4.42741 
4.93442 
-2.33372 
-0.397492 
-1.31761 
-2.15829 
0.682592 
6.56598 
8.96485 
-2.97705 
2.68856 
-9.0699 
-7.74837 
-9.22532 
6.82746 
-5.94184 
-5.04606 
-3.48035 
-7.93524 
-6.44448 
-9.01074 
0.93129 
-1.68583 
5.49497 
-5.70132 
1.67701 
6.60368 
5.83674 
-6.83215 
-0.950302 
2.19198 
-0.245387 
-8.90059 
-5.17917 
-4.5823 
2.34178 
1.37374 
-5.33603 
4.04668 
1.35806 
-6.21461 
-2.42888 
2.00729 
